Time (s)	Pc (psi)	SigD (psi)	Ex (E)	Ey (E)
0	1500	12.31376	1.80E-03	2.10E-03
1	1500	13.13412	1.79E-03	2.11E-03
2	1500	12.07136	1.80E-03	2.11E-03
3	1500	11.90629	1.80E-03	2.11E-03
4	1500	11.02106	1.80E-03	2.11E-03
5	1500	9.342437	1.80E-03	2.11E-03
6	1500	10.99625	1.80E-03	2.11E-03
7	1500	13.64698	1.80E-03	2.11E-03
8	1500	10.22238	1.80E-03	2.11E-03
9	1500	11.42765	1.80E-03	2.11E-03
10	1500	12.70025	1.80E-03	2.11E-03
11	1500	13.31819	1.80E-03	2.11E-03
12	1500	12.37209	1.80E-03	2.11E-03
13	1500	11.99922	1.80E-03	2.11E-03
14	1500	15.7663	1.80E-03	2.12E-03
15	1500	12.36413	1.80E-03	2.12E-03
16	1500	11.48813	1.80E-03	2.12E-03
17	1500	12.02317	1.80E-03	2.12E-03
18	1500	12.01657	1.80E-03	2.12E-03
19	1500	7.637846	1.80E-03	2.12E-03
20	1500	12.53775	1.80E-03	2.12E-03
21	1500	11.17991	1.80E-03	2.12E-03
22	1500	12.43014	1.80E-03	2.12E-03
22.4001	1500	12.15198	1.80E-03	2.12E-03
23.4001	1500	14.42081	1.80E-03	2.12E-03
24.4001	1500	14.15829	1.80E-03	2.12E-03
25.4001	1500	12.22755	1.81E-03	2.12E-03
26.4001	1500	15.01696	1.81E-03	2.12E-03
27.4001	1500	12.29556	1.81E-03	2.12E-03
28.4001	1500	20.20421	1.81E-03	2.13E-03
29.4001	1500	158.6351	1.84E-03	2.12E-03
30.4001	1500	156.905	1.84E-03	2.11E-03
31.4001	1500	165.5606	1.84E-03	2.11E-03
32.4001	1500	165.015	1.84E-03	2.11E-03
33.4001	1500	182.1795	1.85E-03	2.11E-03
34.4001	1500	188.717	1.85E-03	2.11E-03
35.4001	1500	196.5665	1.85E-03	2.11E-03
36.4001	1500	201.5919	1.86E-03	2.11E-03
37.4001	1500	204.9379	1.86E-03	2.11E-03
38.4001	1500	230.9037	1.86E-03	2.11E-03
39.4001	1500	229.342	1.87E-03	2.11E-03
40.4001	1500	242.0151	1.87E-03	2.11E-03
41.4001	1500	248.2779	1.87E-03	2.10E-03
42.4001	1500	253.22	1.88E-03	2.10E-03
43.4001	1500	268.6893	1.88E-03	2.10E-03
44.4001	1500	276.7925	1.89E-03	2.10E-03
45.4001	1500	293.2061	1.89E-03	2.10E-03
46.4001	1500	306.5012	1.89E-03	2.10E-03
47.4001	1500	320.7076	1.90E-03	2.10E-03
48.4001	1500	323.1305	1.90E-03	2.09E-03
49.4001	1500	337.4301	1.91E-03	2.09E-03
50.4001	1500	339.9174	1.91E-03	2.09E-03
51.4001	1500	357.4862	1.92E-03	2.09E-03
52.4001	1500	372.023	1.92E-03	2.09E-03
53.4001	1500	380.9556	1.92E-03	2.09E-03
54.4001	1500	395.5195	1.93E-03	2.09E-03
55.4001	1500	401.448	1.93E-03	2.08E-03
56.4001	1500	419.9007	1.94E-03	2.08E-03
57.4001	1500	421.9607	1.94E-03	2.08E-03
58.4001	1500	440.2715	1.94E-03	2.08E-03
59.4001	1500	451.8905	1.95E-03	2.08E-03
60.4001	1500	458.6935	1.95E-03	2.07E-03
61.4001	1500	474.9548	1.95E-03	2.07E-03
62.4001	1500	486.1647	1.96E-03	2.07E-03
63.4001	1500	496.4044	1.96E-03	2.07E-03
64.4001	1500	503.8181	1.97E-03	2.07E-03
65.4001	1500	517.8191	1.97E-03	2.07E-03
66.4001	1500	531.7355	1.98E-03	2.07E-03
67.4001	1500	534.264	1.98E-03	2.06E-03
68.4001	1500	553.5214	1.98E-03	2.06E-03
69.4001	1500	560.3446	1.99E-03	2.06E-03
70.4001	1500	568.6371	1.99E-03	2.06E-03
71.4001	1500	584.1071	1.99E-03	2.06E-03
72.4001	1500	606.436	2.00E-03	2.06E-03
73.4001	1500	612.846	2.00E-03	2.06E-03
74.4001	1500	624.4221	2.01E-03	2.06E-03
75.4001	1500	639.7147	2.01E-03	2.05E-03
76.4	1500	646.1507	2.01E-03	2.05E-03
77.4	1500	655.8701	2.02E-03	2.05E-03
78.4	1500	672.1783	2.02E-03	2.05E-03
79.4	1500	684.7852	2.03E-03	2.05E-03
80.4	1500	698.9478	2.03E-03	2.05E-03
81.4	1500	706.4562	2.03E-03	2.05E-03
82.4	1500	717.1633	2.04E-03	2.04E-03
83.4	1500	735.6168	2.04E-03	2.04E-03
84.4	1500	743.0477	2.05E-03	2.04E-03
85.4	1500	750.1569	2.05E-03	2.04E-03
86.4	1500	769.7241	2.05E-03	2.04E-03
87.4	1500	780.5137	2.06E-03	2.04E-03
88.4	1500	788.1056	2.06E-03	2.03E-03
89.4	1500	800.9437	2.07E-03	2.03E-03
90.4	1500	811.2918	2.07E-03	2.03E-03
91.4	1500	828.6123	2.07E-03	2.03E-03
92.4	1500	843.3139	2.08E-03	2.03E-03
93.4	1500	850.9228	2.08E-03	2.02E-03
94.4	1500	863.1016	2.09E-03	2.02E-03
95.4	1500	874.0178	2.09E-03	2.02E-03
96.4	1500	892.9811	2.09E-03	2.02E-03
97.4	1500	901.046	2.10E-03	2.02E-03
98.4	1500	913.0806	2.10E-03	2.02E-03
99.4	1500	928.9152	2.11E-03	2.02E-03
100.4	1500	932.7354	2.11E-03	2.00E-03
101.4	1500	943.8019	2.11E-03	2.00E-03
102.4	1500	951.978	2.12E-03	2.00E-03
103.4	1500	967.1415	2.12E-03	2.00E-03
104.4	1500	983.5725	2.13E-03	2.00E-03
105.4	1500	996.5376	2.13E-03	2.00E-03
106.4	1500	1004.96	2.13E-03	2.00E-03
107.4	1500	1019.79	2.14E-03	2.00E-03
108.4	1500	1035.582	2.14E-03	2.00E-03
109.4	1500	1046.679	2.15E-03	2.00E-03
110.4	1500	1062.921	2.15E-03	1.99E-03
111.4	1500	1079.947	2.15E-03	1.99E-03
112.4	1500	1097.742	2.16E-03	1.99E-03
113.4	1500	1102.489	2.16E-03	1.99E-03
114.4	1500	1127.114	2.17E-03	1.99E-03
115.4	1500	1132.291	2.17E-03	1.99E-03
116.4	1500	1150.909	2.17E-03	1.99E-03
117.4	1500	1164.992	2.18E-03	1.98E-03
118.4	1500	1176.319	2.18E-03	1.98E-03
119.4	1500	1186.744	2.19E-03	1.98E-03
120.4	1500	1200.425	2.19E-03	1.98E-03
121.4	1500	1212.79	2.19E-03	1.98E-03
122.4	1500	1240.374	2.20E-03	1.98E-03
123.4	1500	1243.811	2.20E-03	1.98E-03
124.4	1500	1259.265	2.21E-03	1.98E-03
125.4	1500	1278.637	2.21E-03	1.98E-03
126.4	1500	1285.934	2.21E-03	1.97E-03
127.4	1500	1300.25	2.22E-03	1.97E-03
128.4	1500	1315.455	2.22E-03	1.97E-03
129.4	1500	1323.62	2.23E-03	1.97E-03
130.4	1500	1342.417	2.23E-03	1.97E-03
131.4	1500	1350.024	2.23E-03	1.97E-03
132.4	1500	1364.714	2.24E-03	1.97E-03
133.4	1500	1382.239	2.24E-03	1.97E-03
134.4	1500	1392.725	2.25E-03	1.97E-03
135.4	1500	1414.653	2.25E-03	1.97E-03
136.4	1500	1424.837	2.26E-03	1.97E-03
137.4	1500	1440.547	2.26E-03	1.97E-03
138.4	1500	1449.315	2.26E-03	1.96E-03
139.4	1500	1472.405	2.27E-03	1.96E-03
140.4	1500	1482.236	2.27E-03	1.96E-03
141.4	1500	1492.481	2.27E-03	1.96E-03
142.4	1500	1507.941	2.28E-03	1.96E-03
143.4	1500	1518.968	2.28E-03	1.96E-03
144.4	1500	1534.289	2.29E-03	1.96E-03
145.4	1500	1549.513	2.29E-03	1.96E-03
146.4	1500	1560.436	2.29E-03	1.96E-03
147.4	1500	1566.345	2.30E-03	1.96E-03
148.4	1500	1588.095	2.30E-03	1.95E-03
149.4	1500	1601.361	2.31E-03	1.95E-03
150.4	1500	1607.936	2.31E-03	1.95E-03
151.4	1500	1625.526	2.31E-03	1.95E-03
152.4	1500	1640.011	2.32E-03	1.95E-03
153.4	1500	1658.718	2.32E-03	1.95E-03
154.4	1500	1673.612	2.33E-03	1.95E-03
155.4	1500	1684.601	2.33E-03	1.95E-03
156.4	1500	1697.983	2.34E-03	1.95E-03
157.4	1500	1712.953	2.34E-03	1.95E-03
158.4	1500	1723.158	2.34E-03	1.95E-03
159.4	1500	1738.25	2.35E-03	1.94E-03
160.4	1500	1765.344	2.35E-03	1.94E-03
161.4	1500	1774.416	2.36E-03	1.94E-03
162.4	1500	1786.578	2.36E-03	1.94E-03
163.4	1500	1799.958	2.36E-03	1.94E-03
164.4	1500	1815.834	2.37E-03	1.94E-03
165.4	1500	1825.738	2.37E-03	1.94E-03
166.4	1500	1850.32	2.37E-03	1.94E-03
167.4	1500	1852.877	2.38E-03	1.94E-03
168.4	1500	1869.566	2.38E-03	1.94E-03
169.4	1500	1879.703	2.39E-03	1.94E-03
170.4	1500	1888.858	2.39E-03	1.94E-03
171.4	1500	1911.037	2.39E-03	1.94E-03
172.4	1500	1932.911	2.40E-03	1.94E-03
173.4	1500	1938.263	2.40E-03	1.94E-03
174.4	1500	1952.497	2.41E-03	1.93E-03
175.4	1500	1971.317	2.41E-03	1.93E-03
176.4	1500	1978.154	2.42E-03	1.94E-03
177.4	1500	1990.664	2.42E-03	1.93E-03
178.4	1500	2013.962	2.42E-03	1.93E-03
179.4	1500	2016.605	2.42E-03	1.93E-03
180.4	1500	2028.951	2.43E-03	1.93E-03
181.4	1500	2045.298	2.43E-03	1.93E-03
182.4	1500	2059.057	2.44E-03	1.93E-03
183.4	1500	2065.644	2.44E-03	1.93E-03
184.4	1500	2084.209	2.45E-03	1.93E-03
185.4	1500	2097.294	2.45E-03	1.93E-03
186.4	1500	2109.152	2.45E-03	1.93E-03
187.4	1500	2131.71	2.46E-03	1.93E-03
188.4	1500	2139.73	2.46E-03	1.93E-03
189.4	1500	2171.114	2.47E-03	1.93E-03
190.4	1500	2174.8	2.47E-03	1.93E-03
191.4	1500	2192.735	2.47E-03	1.93E-03
192.4	1500	2200.408	2.48E-03	1.93E-03
193.4	1500	2222.836	2.48E-03	1.93E-03
194.4	1500	2233.528	2.49E-03	1.93E-03
195.4	1500	2242.886	2.49E-03	1.93E-03
196.4	1500	2258.594	2.49E-03	1.93E-03
197.4	1500	2263.495	2.50E-03	1.93E-03
198.4	1500	2277.747	2.50E-03	1.93E-03
199.4	1500	2298.431	2.51E-03	1.93E-03
200.4	1500	2308.486	2.51E-03	1.93E-03
201.4	1500	2325.576	2.51E-03	1.93E-03
202.4	1500	2340.198	2.52E-03	1.93E-03
203.4	1500	2359.753	2.52E-03	1.93E-03
204.4	1500	2363.154	2.53E-03	1.93E-03
205.4	1500	2372.898	2.53E-03	1.93E-03
206.4	1500	2392.285	2.53E-03	1.93E-03
207.4	1500	2410.213	2.54E-03	1.93E-03
208.4	1500	2426.345	2.54E-03	1.93E-03
209.4	1500	2429.909	2.55E-03	1.93E-03
210.4	1500	2448.707	2.55E-03	1.92E-03
211.4	1500	2463.247	2.55E-03	1.92E-03
212.4	1500	2491.183	2.56E-03	1.92E-03
213.4	1500	2490.307	2.56E-03	1.92E-03
214.4	1500	2503.917	2.57E-03	1.92E-03
215.4	1500	2521.061	2.57E-03	1.92E-03
216.4	1500	2541.255	2.57E-03	1.92E-03
217.4	1500	2548.858	2.58E-03	1.92E-03
218.4	1500	2559.68	2.58E-03	1.92E-03
219.4	1500	2571.323	2.59E-03	1.92E-03
220.4	1500	2594.749	2.59E-03	1.92E-03
221.4	1500	2608.723	2.60E-03	1.92E-03
222.4	1500	2624.93	2.60E-03	1.92E-03
223.4	1500	2632.757	2.60E-03	1.92E-03
224.4	1500	2643.755	2.61E-03	1.92E-03
225.4	1500	2663.318	2.61E-03	1.92E-03
226.4	1500	2674.461	2.61E-03	1.92E-03
227.4	1500	2687.712	2.62E-03	1.92E-03
228.4	1500	2707.857	2.62E-03	1.92E-03
229.4	1500	2720.209	2.63E-03	1.91E-03
230.4	1500	2738.926	2.63E-03	1.91E-03
231.4	1500	2744.609	2.64E-03	1.91E-03
232.4	1500	2756.169	2.64E-03	1.91E-03
233.4	1500	2768.158	2.64E-03	1.91E-03
234.4	1500	2788.167	2.65E-03	1.91E-03
235.4	1500	2798.959	2.65E-03	1.91E-03
236.4	1500	2810.552	2.65E-03	1.91E-03
237.4	1500	2828.445	2.66E-03	1.91E-03
238.4	1500	2849.352	2.66E-03	1.91E-03
239.4	1500	2858.293	2.67E-03	1.91E-03
240.4	1500	2876.086	2.67E-03	1.91E-03
241.4	1500	2878.72	2.67E-03	1.91E-03
242.4	1500	2906.624	2.68E-03	1.90E-03
243.4	1500	2911.401	2.68E-03	1.91E-03
244.4	1500	2931.826	2.69E-03	1.90E-03
245.4	1500	2944.517	2.69E-03	1.90E-03
246.4	1500	2955.351	2.69E-03	1.90E-03
247.4	1500	2972.753	2.70E-03	1.90E-03
248.4	1500	2992.352	2.70E-03	1.90E-03
249.4	1500	2999.762	2.71E-03	1.90E-03
250.4	1500	3016.053	2.71E-03	1.90E-03
251.4	1500	3030.064	2.71E-03	1.90E-03
252.4	1500	3045.91	2.72E-03	1.90E-03
253.4	1500	3070.811	2.72E-03	1.90E-03
254.4	1500	3078.893	2.73E-03	1.89E-03
255.4	1500	3092.502	2.73E-03	1.89E-03
256.4	1500	3112.632	2.73E-03	1.89E-03
257.4	1500	3121.967	2.74E-03	1.89E-03
258.4	1500	3135.339	2.74E-03	1.89E-03
259.4	1500	3150.449	2.75E-03	1.89E-03
260.4	1500	3158.506	2.75E-03	1.89E-03
261.4	1500	3175.657	2.75E-03	1.89E-03
262.4	1500	3189.083	2.76E-03	1.89E-03
263.4	1500	3202.846	2.76E-03	1.89E-03
264.4	1500	3222.034	2.77E-03	1.88E-03
265.4	1500	3230.198	2.77E-03	1.88E-03
266.4	1500	3239.766	2.77E-03	1.88E-03
267.4	1500	3256.307	2.78E-03	1.88E-03
268.4	1500	3264.048	2.78E-03	1.88E-03
269.4	1500	3288.279	2.79E-03	1.88E-03
270.4	1500	3301.035	2.79E-03	1.88E-03
271.4	1500	3322.014	2.79E-03	1.88E-03
272.4	1500	3333.062	2.80E-03	1.88E-03
273.4	1500	3338.281	2.80E-03	1.88E-03
274.4	1500	3360.793	2.81E-03	1.88E-03
275.4	1500	3380.273	2.81E-03	1.87E-03
276.4	1500	3385.178	2.81E-03	1.87E-03
277.4	1500	3397.026	2.82E-03	1.87E-03
278.4	1500	3415.386	2.82E-03	1.87E-03
279.4	1500	3435.861	2.83E-03	1.87E-03
280.4	1500	3447.847	2.83E-03	1.87E-03
281.4	1500	3457.333	2.84E-03	1.87E-03
282.4	1500	3463.242	2.84E-03	1.87E-03
283.4	1500	3479.175	2.84E-03	1.87E-03
284.4	1500	3501.592	2.85E-03	1.87E-03
285.4	1500	3508.765	2.85E-03	1.87E-03
286.4	1500	3523.166	2.85E-03	1.86E-03
287.4	1500	3536.048	2.86E-03	1.86E-03
288.4	1500	3550.772	2.86E-03	1.86E-03
289.4	1500	3567.898	2.87E-03	1.86E-03
290.4	1500	3578.404	2.87E-03	1.86E-03
291.4	1500	3598.388	2.87E-03	1.86E-03
292.4	1500	3609.83	2.88E-03	1.86E-03
293.4	1500	3614.514	2.88E-03	1.86E-03
294.4	1500	3623.515	2.89E-03	1.86E-03
295.4	1500	3642.607	2.89E-03	1.86E-03
296.4	1500	3652.565	2.90E-03	1.86E-03
297.4	1500	3681.445	2.90E-03	1.85E-03
298.4	1500	3695.244	2.90E-03	1.85E-03
299.4	1500	3690.485	2.91E-03	1.85E-03
300.4	1500	3718.678	2.91E-03	1.85E-03
301.4	1500	3725.321	2.91E-03	1.85E-03
302.4	1500	3737.005	2.92E-03	1.85E-03
303.4	1500	3753.201	2.92E-03	1.85E-03
304.4	1500	3769.598	2.93E-03	1.85E-03
305.4	1500	3779.266	2.93E-03	1.85E-03
306.4	1500	3794.457	2.93E-03	1.85E-03
307.4	1500	3803.105	2.94E-03	1.85E-03
308.4	1500	3815.712	2.94E-03	1.85E-03
309.4	1500	3832.793	2.95E-03	1.85E-03
310.4	1500	3836.989	2.95E-03	1.85E-03
311.4	1500	3854.511	2.95E-03	1.84E-03
312.4	1500	3861.988	2.96E-03	1.84E-03
313.4	1500	3882.328	2.96E-03	1.84E-03
314.4	1500	3885.358	2.97E-03	1.84E-03
315.4	1500	3919.672	2.97E-03	1.84E-03
316.4	1500	3933.339	2.97E-03	1.84E-03
317.4	1500	3930.698	2.98E-03	1.84E-03
318.4	1500	3942.462	2.98E-03	1.84E-03
319.4	1500	3962.388	2.99E-03	1.84E-03
320.4	1500	3979.949	2.99E-03	1.84E-03
321.4	1500	3984.084	2.99E-03	1.84E-03
322.4	1500	4005.92	3.00E-03	1.83E-03
322.67	1500	4007.425	3.00E-03	1.83E-03
323.67	1500	3977.219	2.99E-03	1.84E-03
324.67	1500	3949.063	2.99E-03	1.84E-03
325.67	1500	3910.819	2.99E-03	1.84E-03
326.67	1500	3879.96	2.98E-03	1.85E-03
327.67	1500	3842.842	2.98E-03	1.85E-03
328.67	1500	3794.258	2.97E-03	1.85E-03
329.67	1500	3757.754	2.97E-03	1.86E-03
330.67	1500	3707.85	2.97E-03	1.86E-03
331.67	1500	3662.075	2.96E-03	1.86E-03
332.67	1500	3623.944	2.96E-03	1.86E-03
333.67	1500	3599.249	2.96E-03	1.86E-03
334.67	1500	3550.389	2.95E-03	1.86E-03
335.67	1500	3528.703	2.95E-03	1.86E-03
336.67	1500	3495.93	2.94E-03	1.86E-03
337.67	1500	3472.509	2.94E-03	1.86E-03
338.67	1500	3449.242	2.93E-03	1.86E-03
339.67	1500	3417.499	2.93E-03	1.87E-03
340.67	1500	3391.168	2.93E-03	1.87E-03
341.67	1500	3382.387	2.92E-03	1.87E-03
342.67	1500	3357.603	2.92E-03	1.87E-03
343.67	1500	3325.38	2.92E-03	1.87E-03
344.67	1500	3301.955	2.91E-03	1.87E-03
345.67	1500	3266.975	2.91E-03	1.87E-03
346.67	1500	3252.283	2.90E-03	1.87E-03
347.67	1500	3231.438	2.90E-03	1.87E-03
348.67	1500	3206.852	2.90E-03	1.88E-03
349.592	1500	3193.269	2.89E-03	1.88E-03
350.592	1500	3187.146	2.89E-03	1.88E-03
351.592	1500	3218.503	2.90E-03	1.87E-03
352.592	1500	3258.048	2.90E-03	1.87E-03
353.592	1500	3301.588	2.91E-03	1.87E-03
354.592	1500	3353.664	2.91E-03	1.87E-03
355.592	1500	3394.918	2.91E-03	1.87E-03
356.592	1500	3437.919	2.92E-03	1.86E-03
357.592	1500	3478.529	2.92E-03	1.86E-03
358.592	1500	3536.201	2.93E-03	1.86E-03
359.592	1500	3565.516	2.93E-03	1.86E-03
360.592	1500	3610.721	2.93E-03	1.86E-03
361.592	1500	3654.77	2.94E-03	1.86E-03
362.592	1500	3693.071	2.94E-03	1.86E-03
363.592	1500	3713.888	2.95E-03	1.86E-03
364.592	1500	3722.674	2.95E-03	1.86E-03
365.592	1500	3735.658	2.95E-03	1.86E-03
366.592	1500	3755.584	2.96E-03	1.86E-03
367.592	1500	3774.124	2.96E-03	1.86E-03
368.592	1500	3814.909	2.97E-03	1.85E-03
369.592	1500	3830.21	2.97E-03	1.85E-03
370.592	1500	3839.97	2.98E-03	1.85E-03
371.592	1500	3861.95	2.98E-03	1.85E-03
372.592	1500	3889.272	2.98E-03	1.85E-03
373.592	1500	3915.231	2.99E-03	1.85E-03
374.592	1500	3921.824	2.99E-03	1.85E-03
375.592	1500	3951.773	3.00E-03	1.85E-03
376.592	1500	3970.739	3.00E-03	1.85E-03
377.592	1500	3987.079	3.00E-03	1.84E-03
378.592	1500	4003.487	3.01E-03	1.84E-03
379.592	1500	4012.349	3.01E-03	1.84E-03
380.592	1500	4027.062	3.02E-03	1.84E-03
381.592	1500	4047.466	3.02E-03	1.84E-03
382.592	1500	4076.95	3.02E-03	1.84E-03
383.592	1500	4087.414	3.03E-03	1.84E-03
384.592	1500	4087.968	3.03E-03	1.84E-03
385.592	1500	4112.078	3.03E-03	1.84E-03
386.592	1500	4131.146	3.04E-03	1.84E-03
387.592	1500	4137.009	3.04E-03	1.84E-03
388.592	1500	4140.892	3.05E-03	1.84E-03
389.592	1500	4165.065	3.05E-03	1.83E-03
390.592	1500	4192.918	3.05E-03	1.84E-03
391.592	1500	4193.173	3.06E-03	1.83E-03
392.592	1500	4207.375	3.06E-03	1.83E-03
393.592	1500	4216.799	3.07E-03	1.83E-03
394.592	1500	4225.74	3.07E-03	1.83E-03
395.592	1500	4248.993	3.08E-03	1.83E-03
396.592	1500	4274.43	3.08E-03	1.83E-03
397.592	1500	4263.876	3.08E-03	1.83E-03
398.592	1500	4286.851	3.09E-03	1.83E-03
399.592	1500	4293.163	3.09E-03	1.83E-03
400.592	1500	4302.344	3.09E-03	1.83E-03
401.592	1500	4319.35	3.10E-03	1.82E-03
402.592	1500	4336.444	3.10E-03	1.82E-03
403.592	1500	4341.369	3.11E-03	1.82E-03
404.592	1500	4372.955	3.11E-03	1.82E-03
405.592	1500	4362.296	3.12E-03	1.82E-03
406.592	1500	4380.713	3.12E-03	1.82E-03
407.592	1500	4403.345	3.12E-03	1.82E-03
408.592	1500	4407.798	3.13E-03	1.82E-03
409.592	1500	4434.16	3.13E-03	1.82E-03
410.592	1500	4426.743	3.13E-03	1.82E-03
411.592	1500	4456.905	3.14E-03	1.82E-03
412.592	1500	4465.577	3.14E-03	1.82E-03
413.592	1500	4478.822	3.15E-03	1.82E-03
414.592	1500	4472.57	3.15E-03	1.82E-03
415.592	1500	4489.504	3.15E-03	1.82E-03
416.592	1500	4513.047	3.16E-03	1.81E-03
417.592	1500	4523.483	3.16E-03	1.81E-03
418.592	1500	4549.917	3.17E-03	1.81E-03
419.592	1500	4554.494	3.17E-03	1.81E-03
420.592	1500	4550.142	3.18E-03	1.81E-03
421.592	1500	4579.753	3.18E-03	1.81E-03
422.592	1500	4590.229	3.18E-03	1.81E-03
423.592	1500	4605.315	3.19E-03	1.81E-03
424.592	1500	4625.696	3.19E-03	1.81E-03
425.592	1500	4608.981	3.19E-03	1.81E-03
426.592	1500	4652.273	3.20E-03	1.80E-03
427.592	1500	4659.283	3.20E-03	1.80E-03
428.592	1500	4663.792	3.21E-03	1.80E-03
429.592	1500	4671.56	3.21E-03	1.80E-03
430.592	1500	4686.203	3.21E-03	1.80E-03
431.592	1500	4696.811	3.22E-03	1.80E-03
432.592	1500	4713.493	3.22E-03	1.80E-03
433.592	1500	4736.327	3.22E-03	1.80E-03
434.592	1500	4740.343	3.23E-03	1.80E-03
435.592	1500	4751.686	3.24E-03	1.80E-03
436.592	1500	4769.39	3.24E-03	1.80E-03
437.592	1500	4775.434	3.24E-03	1.80E-03
438.592	1500	4789.008	3.25E-03	1.79E-03
439.592	1500	4792.864	3.25E-03	1.79E-03
440.592	1500	4832.39	3.26E-03	1.79E-03
441.592	1500	4839.508	3.26E-03	1.79E-03
442.592	1500	4844.292	3.26E-03	1.79E-03
443.592	1500	4847.444	3.27E-03	1.79E-03
444.592	1500	4869.808	3.27E-03	1.79E-03
445.592	1500	4885.582	3.27E-03	1.79E-03
446.592	1500	4888.909	3.28E-03	1.79E-03
447.592	1500	4898.598	3.28E-03	1.79E-03
448.592	1500	4925.898	3.29E-03	1.79E-03
449.592	1500	4921.596	3.29E-03	1.79E-03
450.592	1500	4940.013	3.29E-03	1.78E-03
451.592	1500	4951.871	3.30E-03	1.78E-03
452.592	1500	4948.681	3.30E-03	1.78E-03
453.592	1500	4971.49	3.31E-03	1.78E-03
454.592	1500	4970.972	3.31E-03	1.78E-03
455.592	1500	4999.171	3.31E-03	1.78E-03
456.592	1500	5003.414	3.32E-03	1.78E-03
457.592	1500	5012.688	3.32E-03	1.78E-03
458.592	1500	5040.726	3.33E-03	1.78E-03
459.592	1500	5046.937	3.33E-03	1.78E-03
460.592	1500	5062.893	3.34E-03	1.77E-03
461.592	1500	5074.185	3.34E-03	1.77E-03
462.592	1500	5083.996	3.34E-03	1.77E-03
463.592	1500	5091.37	3.35E-03	1.77E-03
464.592	1500	5122.052	3.35E-03	1.77E-03
465.592	1500	5127.289	3.36E-03	1.77E-03
466.592	1500	5124.586	3.36E-03	1.77E-03
467.592	1500	5155.118	3.36E-03	1.77E-03
468.592	1500	5161.999	3.37E-03	1.77E-03
469.592	1500	5168.861	3.37E-03	1.76E-03
470.592	1500	5189.779	3.38E-03	1.76E-03
471.592	1500	5193.375	3.38E-03	1.76E-03
472.592	1500	5204.41	3.38E-03	1.76E-03
473.592	1500	5220.688	3.38E-03	1.76E-03
474.592	1500	5222.171	3.39E-03	1.76E-03
475.592	1500	5237.877	3.39E-03	1.76E-03
476.592	1500	5252.398	3.40E-03	1.76E-03
477.592	1500	5274.958	3.40E-03	1.76E-03
478.592	1500	5276.555	3.41E-03	1.76E-03
479.592	1500	5296.313	3.41E-03	1.75E-03
480.592	1500	5308.78	3.42E-03	1.75E-03
481.592	1500	5306.608	3.42E-03	1.75E-03
482.592	1500	5321.812	3.42E-03	1.75E-03
483.592	1500	5338.889	3.43E-03	1.75E-03
484.592	1500	5344.282	3.43E-03	1.75E-03
485.592	1500	5368.612	3.44E-03	1.75E-03
486.592	1500	5378.651	3.44E-03	1.75E-03
487.592	1500	5372.841	3.44E-03	1.75E-03
488.592	1500	5402.597	3.45E-03	1.75E-03
489.592	1500	5413.282	3.45E-03	1.75E-03
490.592	1500	5417.047	3.45E-03	1.75E-03
490.602	1500	5418.973	3.45E-03	1.75E-03
491.602	1500	5384.681	3.45E-03	1.75E-03
492.602	1500	5360.255	3.44E-03	1.75E-03
493.602	1500	5348.998	3.44E-03	1.75E-03
494.602	1500	5308.755	3.44E-03	1.75E-03
495.602	1500	5291.52	3.43E-03	1.76E-03
496.602	1500	5267.623	3.43E-03	1.76E-03
497.602	1500	5253.282	3.43E-03	1.76E-03
498.602	1500	5221.165	3.42E-03	1.76E-03
499.602	1500	5213.729	3.42E-03	1.77E-03
500.602	1500	5177.41	3.41E-03	1.77E-03
501.602	1500	5162.885	3.41E-03	1.77E-03
502.602	1500	5146.215	3.40E-03	1.77E-03
503.602	1500	5119.722	3.40E-03	1.77E-03
504.602	1500	5089.783	3.40E-03	1.78E-03
505.602	1500	5083.902	3.39E-03	1.78E-03
506.602	1500	5043.277	3.39E-03	1.78E-03
507.602	1500	5038.761	3.39E-03	1.78E-03
508.602	1500	5005.152	3.38E-03	1.78E-03
509.602	1500	4969.637	3.38E-03	1.79E-03
510.602	1500	4955.458	3.37E-03	1.79E-03
511.602	1500	4946.857	3.37E-03	1.79E-03
512.602	1500	4928.204	3.37E-03	1.79E-03
513.602	1500	4894.474	3.36E-03	1.79E-03
514.602	1500	4875.187	3.35E-03	1.79E-03
515.602	1500	4843.456	3.35E-03	1.79E-03
516.602	1500	4844.154	3.35E-03	1.79E-03
517.602	1500	4828.583	3.35E-03	1.79E-03
518.602	1500	4800.834	3.34E-03	1.80E-03
519.602	1500	4785.362	3.34E-03	1.80E-03
520.602	1500	4766.661	3.33E-03	1.80E-03
521.602	1500	4743.442	3.33E-03	1.80E-03
522.602	1500	4719.732	3.32E-03	1.80E-03
523.602	1500	4700.365	3.32E-03	1.80E-03
524.13	1500	4688.954	3.32E-03	1.80E-03
525.13	1500	4715.174	3.32E-03	1.80E-03
526.13	1500	4745.616	3.33E-03	1.80E-03
527.13	1500	4764.224	3.33E-03	1.80E-03
528.13	1500	4799.204	3.34E-03	1.79E-03
529.13	1500	4816.026	3.34E-03	1.79E-03
530.13	1500	4855.872	3.35E-03	1.79E-03
531.13	1500	4888.209	3.35E-03	1.78E-03
532.13	1500	4897.32	3.35E-03	1.78E-03
533.13	1500	4916.826	3.36E-03	1.78E-03
534.13	1500	4936.615	3.36E-03	1.78E-03
535.13	1500	4953.438	3.36E-03	1.78E-03
536.13	1500	4978.484	3.37E-03	1.78E-03
537.13	1500	5016.96	3.37E-03	1.77E-03
538.13	1500	5011.105	3.37E-03	1.77E-03
539.13	1500	5037.624	3.38E-03	1.77E-03
540.13	1500	5053.578	3.38E-03	1.77E-03
541.13	1500	5092.953	3.39E-03	1.77E-03
542.13	1500	5084.84	3.39E-03	1.77E-03
543.13	1500	5120.281	3.40E-03	1.77E-03
544.13	1500	5130.06	3.40E-03	1.76E-03
545.13	1500	5175.377	3.41E-03	1.76E-03
546.13	1500	5180.942	3.41E-03	1.76E-03
547.13	1500	5200.632	3.41E-03	1.76E-03
548.13	1500	5217.995	3.42E-03	1.76E-03
549.13	1500	5251.281	3.42E-03	1.76E-03
550.13	1500	5253.957	3.42E-03	1.76E-03
551.13	1500	5247.129	3.43E-03	1.76E-03
552.13	1500	5280.353	3.43E-03	1.76E-03
553.13	1500	5303.963	3.44E-03	1.75E-03
554.13	1500	5318.277	3.44E-03	1.75E-03
555.13	1500	5341.633	3.44E-03	1.75E-03
556.13	1500	5357.23	3.45E-03	1.75E-03
557.13	1500	5369.95	3.45E-03	1.75E-03
558.13	1500	5374.704	3.46E-03	1.75E-03
559.13	1500	5389.286	3.46E-03	1.75E-03
560.13	1500	5430.777	3.47E-03	1.75E-03
561.13	1500	5442.753	3.47E-03	1.75E-03
562.13	1500	5439.296	3.47E-03	1.75E-03
563.13	1500	5465.462	3.48E-03	1.75E-03
564.13	1500	5478.469	3.48E-03	1.75E-03
565.13	1500	5495.712	3.48E-03	1.74E-03
566.13	1500	5492.942	3.49E-03	1.74E-03
567.13	1500	5507.255	3.49E-03	1.74E-03
568.13	1500	5531.067	3.49E-03	1.74E-03
569.13	1500	5538.595	3.50E-03	1.74E-03
570.13	1500	5553.68	3.50E-03	1.74E-03
571.13	1500	5561.879	3.51E-03	1.74E-03
572.13	1500	5580.764	3.51E-03	1.74E-03
573.13	1500	5588.417	3.51E-03	1.74E-03
574.13	1500	5610.885	3.52E-03	1.74E-03
575.13	1500	5606.78	3.52E-03	1.74E-03
576.13	1500	5625.856	3.53E-03	1.74E-03
577.13	1500	5636.646	3.53E-03	1.74E-03
578.13	1500	5654.228	3.54E-03	1.73E-03
579.13	1500	5659.108	3.54E-03	1.73E-03
580.13	1500	5682.015	3.55E-03	1.73E-03
581.13	1500	5702.628	3.55E-03	1.73E-03
582.13	1500	5709.438	3.55E-03	1.73E-03
583.13	1500	5707.853	3.56E-03	1.73E-03
584.13	1500	5722.394	3.56E-03	1.73E-03
585.13	1500	5747.24	3.56E-03	1.73E-03
586.13	1500	5747.771	3.57E-03	1.73E-03
587.13	1500	5768.952	3.57E-03	1.72E-03
588.13	1500	5784.145	3.58E-03	1.72E-03
589.13	1500	5806.23	3.58E-03	1.72E-03
590.13	1500	5796.446	3.58E-03	1.72E-03
591.13	1500	5809.225	3.59E-03	1.72E-03
592.13	1500	5835.363	3.59E-03	1.72E-03
593.13	1500	5830.549	3.60E-03	1.72E-03
594.13	1500	5837.862	3.60E-03	1.72E-03
595.13	1500	5849.686	3.60E-03	1.72E-03
596.13	1500	5867.56	3.61E-03	1.72E-03
597.13	1500	5862.477	3.61E-03	1.72E-03
598.13	1500	5910.272	3.62E-03	1.71E-03
599.13	1500	5909.009	3.62E-03	1.71E-03
600.13	1500	5913.37	3.62E-03	1.71E-03
601.13	1500	5936.723	3.63E-03	1.71E-03
602.13	1500	5940.787	3.63E-03	1.71E-03
603.13	1500	5944.303	3.64E-03	1.71E-03
604.13	1500	5968.787	3.64E-03	1.71E-03
605.13	1500	5968.833	3.65E-03	1.71E-03
606.13	1500	5979.897	3.65E-03	1.71E-03
607.13	1500	5993.447	3.65E-03	1.71E-03
608.13	1500	6011.942	3.66E-03	1.70E-03
609.13	1500	6015.467	3.66E-03	1.70E-03
610.13	1500	6036.035	3.67E-03	1.70E-03
611.13	1500	6026.429	3.67E-03	1.70E-03
612.13	1500	6057.817	3.67E-03	1.70E-03
613.13	1500	6061.515	3.68E-03	1.70E-03
614.13	1500	6082.902	3.68E-03	1.70E-03
615.13	1500	6088.265	3.68E-03	1.70E-03
616.13	1500	6091.538	3.69E-03	1.70E-03
617.13	1500	6114.551	3.69E-03	1.69E-03
618.13	1500	6124.571	3.70E-03	1.69E-03
619.13	1500	6126.639	3.70E-03	1.69E-03
620.13	1500	6127.516	3.70E-03	1.69E-03
621.13	1500	6157.095	3.71E-03	1.69E-03
622.13	1500	6172.619	3.71E-03	1.69E-03
623.13	1500	6174.745	3.72E-03	1.69E-03
624.13	1500	6170.921	3.72E-03	1.69E-03
625.13	1500	6176.551	3.72E-03	1.69E-03
626.13	1500	6206.484	3.73E-03	1.69E-03
627.13	1500	6218.738	3.73E-03	1.69E-03
628.13	1500	6227.266	3.74E-03	1.68E-03
629.13	1500	6239.399	3.74E-03	1.68E-03
630.13	1500	6251.812	3.74E-03	1.68E-03
631.13	1500	6255.388	3.75E-03	1.68E-03
632.13	1500	6286.531	3.75E-03	1.68E-03
633.13	1500	6276.131	3.75E-03	1.68E-03
634.13	1500	6301.37	3.76E-03	1.68E-03
635.13	1500	6313.459	3.76E-03	1.68E-03
636.13	1500	6332.77	3.77E-03	1.68E-03
637.13	1500	6336.304	3.77E-03	1.68E-03
638.13	1500	6333.992	3.78E-03	1.68E-03
639.13	1500	6347.204	3.78E-03	1.68E-03
640.13	1500	6369.686	3.78E-03	1.67E-03
641.13	1500	6379.074	3.79E-03	1.67E-03
642.13	1500	6376.556	3.79E-03	1.67E-03
643.13	1500	6393.974	3.80E-03	1.67E-03
644.13	1500	6393.976	3.80E-03	1.67E-03
645.13	1500	6414.989	3.80E-03	1.67E-03
646.13	1500	6427.93	3.81E-03	1.67E-03
647.13	1500	6422.12	3.81E-03	1.67E-03
648.13	1500	6447.8	3.82E-03	1.67E-03
649.13	1500	6456.208	3.82E-03	1.66E-03
650.13	1500	6470.9	3.82E-03	1.66E-03
651.13	1500	6473.931	3.83E-03	1.66E-03
652.13	1500	6488.739	3.83E-03	1.66E-03
653.13	1500	6509.472	3.84E-03	1.66E-03
654.13	1500	6516.618	3.84E-03	1.66E-03
655.13	1500	6510.662	3.84E-03	1.66E-03
656.13	1500	6536.208	3.85E-03	1.66E-03
657.13	1500	6535.801	3.85E-03	1.66E-03
658.13	1500	6545.259	3.85E-03	1.66E-03
659.13	1500	6556.516	3.86E-03	1.65E-03
660.13	1500	6578.31	3.86E-03	1.65E-03
661.13	1500	6575.051	3.87E-03	1.65E-03
662.13	1500	6598.495	3.87E-03	1.65E-03
663.13	1500	6611.208	3.88E-03	1.65E-03
664.13	1500	6608.411	3.88E-03	1.65E-03
665.13	1500	6626.065	3.88E-03	1.65E-03
666.13	1500	6629.625	3.89E-03	1.65E-03
667.13	1500	6663.047	3.89E-03	1.65E-03
668.13	1500	6661.583	3.90E-03	1.65E-03
669.13	1500	6673.359	3.90E-03	1.65E-03
670.13	1500	6678.178	3.90E-03	1.65E-03
671.13	1500	6696.459	3.91E-03	1.64E-03
672.13	1500	6705.47	3.91E-03	1.64E-03
673.13	1500	6707.031	3.92E-03	1.64E-03
674.13	1500	6722.407	3.92E-03	1.64E-03
675.13	1500	6740.122	3.93E-03	1.64E-03
676.13	1500	6755.817	3.93E-03	1.64E-03
677.13	1500	6742.785	3.93E-03	1.64E-03
678.13	1500	6768.643	3.94E-03	1.64E-03
679.13	1500	6789.439	3.94E-03	1.63E-03
680.13	1500	6782.459	3.94E-03	1.63E-03
681.13	1500	6798.899	3.95E-03	1.63E-03
682.13	1500	6812.526	3.95E-03	1.63E-03
683.13	1500	6824.277	3.96E-03	1.63E-03
684.13	1500	6833.089	3.96E-03	1.63E-03
685.13	1500	6854.727	3.96E-03	1.63E-03
686.13	1500	6858.608	3.97E-03	1.63E-03
687.13	1500	6866.946	3.97E-03	1.63E-03
688.13	1500	6882.07	3.98E-03	1.63E-03
689.13	1500	6877.29	3.98E-03	1.63E-03
690.13	1500	6895.651	3.98E-03	1.62E-03
691.13	1500	6905.283	3.99E-03	1.62E-03
692.13	1500	6916.788	3.99E-03	1.62E-03
693.13	1500	6927.652	3.99E-03	1.62E-03
694.13	1500	6951.479	4.00E-03	1.62E-03
695.13	1500	6951.085	4.01E-03	1.62E-03
696.13	1500	6962.733	4.01E-03	1.62E-03
697.13	1500	6975.431	4.01E-03	1.62E-03
698.13	1500	6984.176	4.02E-03	1.62E-03
699.13	1500	6998.233	4.02E-03	1.61E-03
700.13	1500	7014.454	4.02E-03	1.61E-03
701.13	1500	7021.127	4.03E-03	1.61E-03
702.13	1500	7026.424	4.03E-03	1.61E-03
703.13	1500	7035.083	4.03E-03	1.61E-03
704.13	1500	7049.892	4.04E-03	1.61E-03
705.13	1500	7053.535	4.04E-03	1.61E-03
706.13	1500	7064.46	4.05E-03	1.61E-03
707.13	1500	7072.917	4.05E-03	1.61E-03
708.13	1500	7095.015	4.06E-03	1.60E-03
709.13	1500	7111.353	4.06E-03	1.60E-03
710.13	1500	7119.226	4.07E-03	1.60E-03
711.13	1500	7127.665	4.07E-03	1.60E-03
712.13	1500	7139.397	4.07E-03	1.60E-03
713.13	1500	7152.921	4.08E-03	1.60E-03
714.13	1500	7162.646	4.08E-03	1.60E-03
715.13	1500	7165.574	4.08E-03	1.60E-03
716.13	1500	7190.711	4.09E-03	1.60E-03
717.13	1500	7186.457	4.09E-03	1.60E-03
718.13	1500	7201.938	4.10E-03	1.59E-03
719.13	1500	7208.564	4.10E-03	1.59E-03
720.13	1500	7214.793	4.10E-03	1.59E-03
721.13	1500	7219.026	4.11E-03	1.59E-03
722.13	1500	7243.891	4.11E-03	1.59E-03
723.13	1500	7235.092	4.12E-03	1.59E-03
724.13	1500	7254.291	4.12E-03	1.59E-03
725.13	1500	7276.255	4.12E-03	1.59E-03
726.13	1500	7287.146	4.13E-03	1.59E-03
727.13	1500	7296.687	4.13E-03	1.58E-03
728.13	1500	7308.523	4.14E-03	1.58E-03
729.13	1500	7321.998	4.14E-03	1.58E-03
730.13	1500	7320.031	4.14E-03	1.58E-03
731.13	1500	7340.903	4.15E-03	1.58E-03
732.13	1500	7343.595	4.15E-03	1.58E-03
733.13	1500	7358.11	4.16E-03	1.58E-03
734.13	1500	7362.908	4.16E-03	1.58E-03
735.13	1500	7378.193	4.16E-03	1.58E-03
736.13	1500	7390.497	4.17E-03	1.58E-03
737.13	1500	7389.776	4.17E-03	1.58E-03
738.13	1500	7409.497	4.18E-03	1.57E-03
739.13	1500	7409.854	4.18E-03	1.57E-03
740.13	1500	7431.451	4.18E-03	1.57E-03
741.13	1500	7433.344	4.19E-03	1.57E-03
742.13	1500	7449.561	4.19E-03	1.57E-03
743.13	1500	7467.417	4.20E-03	1.57E-03
744.13	1500	7475.131	4.20E-03	1.57E-03
745.13	1500	7488.033	4.20E-03	1.57E-03
746.13	1500	7489.053	4.21E-03	1.57E-03
747.13	1500	7497.67	4.21E-03	1.57E-03
748.13	1500	7522.461	4.22E-03	1.56E-03
749.13	1500	7515.796	4.22E-03	1.56E-03
750.13	1500	7518.939	4.22E-03	1.56E-03
751.13	1500	7538.472	4.23E-03	1.56E-03
752.13	1500	7538.691	4.23E-03	1.56E-03
753.13	1500	7567.77	4.24E-03	1.56E-03
754.13	1500	7576.573	4.24E-03	1.56E-03
755.13	1500	7579.424	4.24E-03	1.56E-03
756.13	1500	7592.421	4.25E-03	1.56E-03
757.13	1500	7606.159	4.25E-03	1.55E-03
758.13	1500	7624.141	4.26E-03	1.55E-03
759.13	1500	7632.267	4.26E-03	1.55E-03
760.13	1500	7640.613	4.26E-03	1.55E-03
761.13	1500	7646.646	4.27E-03	1.55E-03
762.13	1500	7660.219	4.27E-03	1.55E-03
763.13	1500	7674.426	4.28E-03	1.55E-03
764.13	1500	7672.271	4.28E-03	1.55E-03
765.13	1500	7696.27	4.28E-03	1.55E-03
766.13	1500	7699.333	4.29E-03	1.55E-03
767.13	1500	7709.041	4.29E-03	1.54E-03
768.13	1500	7719.027	4.30E-03	1.54E-03
769.13	1500	7720.794	4.30E-03	1.54E-03
770.13	1500	7737.033	4.30E-03	1.54E-03
771.13	1500	7751.767	4.31E-03	1.54E-03
772.13	1500	7759.852	4.31E-03	1.54E-03
773.13	1500	7773.28	4.32E-03	1.54E-03
774.13	1500	7789.552	4.32E-03	1.54E-03
775.13	1500	7795.277	4.32E-03	1.53E-03
776.13	1500	7803.602	4.33E-03	1.53E-03
777.13	1500	7832.064	4.33E-03	1.53E-03
778.13	1500	7829.176	4.34E-03	1.53E-03
779.13	1500	7839.248	4.34E-03	1.53E-03
780.13	1500	7843.03	4.34E-03	1.53E-03
781.13	1500	7853.147	4.35E-03	1.53E-03
782.13	1500	7869.078	4.35E-03	1.53E-03
783.13	1500	7872.75	4.35E-03	1.53E-03
784.13	1500	7891.131	4.36E-03	1.52E-03
785.13	1500	7894.683	4.37E-03	1.52E-03
786.13	1500	7895.142	4.37E-03	1.52E-03
787.13	1500	7933.407	4.37E-03	1.52E-03
788.13	1500	7935.464	4.38E-03	1.52E-03
789.13	1500	7943.347	4.38E-03	1.52E-03
790.13	1500	7957.744	4.39E-03	1.52E-03
791.13	1500	7960.535	4.39E-03	1.52E-03
792.13	1500	7962.391	4.39E-03	1.52E-03
793.13	1500	7984.484	4.40E-03	1.51E-03
794.13	1500	7974.945	4.40E-03	1.51E-03
795.13	1500	7996.262	4.40E-03	1.51E-03
796.13	1500	8007.744	4.41E-03	1.51E-03
797.13	1500	8017.396	4.41E-03	1.51E-03
798.13	1500	8022.583	4.42E-03	1.51E-03
799.13	1500	8043.58	4.42E-03	1.51E-03
800.13	1500	8046.358	4.42E-03	1.51E-03
801.13	1500	8066.895	4.43E-03	1.51E-03
802.13	1500	8068.805	4.43E-03	1.50E-03
803.13	1500	8089.437	4.44E-03	1.50E-03
804.13	1500	8093.897	4.44E-03	1.50E-03
805.13	1500	8097.868	4.44E-03	1.50E-03
806.13	1500	8107.638	4.45E-03	1.50E-03
807.13	1500	8126.004	4.45E-03	1.50E-03
808.13	1500	8136.245	4.46E-03	1.50E-03
809.13	1500	8136.989	4.46E-03	1.50E-03
810.13	1500	8143.182	4.46E-03	1.50E-03
811.13	1500	8156.947	4.47E-03	1.49E-03
812.13	1500	8168.517	4.47E-03	1.49E-03
813.13	1500	8178.958	4.47E-03	1.49E-03
814.13	1500	8186.464	4.48E-03	1.49E-03
815.13	1500	8207.854	4.48E-03	1.49E-03
816.13	1500	8218.347	4.49E-03	1.49E-03
817.13	1500	8224.044	4.49E-03	1.49E-03
818.13	1500	8236.481	4.50E-03	1.49E-03
819.13	1500	8246.886	4.50E-03	1.48E-03
820.13	1500	8260.668	4.50E-03	1.48E-03
821.13	1500	8266.85	4.51E-03	1.48E-03
822.13	1500	8272.779	4.51E-03	1.48E-03
823.13	1500	8275.603	4.51E-03	1.48E-03
824.13	1500	8293.652	4.52E-03	1.48E-03
825.13	1500	8303.624	4.52E-03	1.48E-03
826.13	1500	8316.199	4.53E-03	1.48E-03
827.13	1500	8321.29	4.53E-03	1.48E-03
828.13	1500	8319.783	4.53E-03	1.48E-03
829.13	1500	8348.213	4.54E-03	1.47E-03
830.13	1500	8353.419	4.54E-03	1.47E-03
831.13	1500	8368.408	4.55E-03	1.47E-03
832.13	1500	8373.997	4.55E-03	1.47E-03
833.13	1500	8382.41	4.56E-03	1.47E-03
834.13	1500	8399.044	4.56E-03	1.47E-03
835.13	1500	8409.631	4.56E-03	1.47E-03
836.13	1500	8410.763	4.57E-03	1.46E-03
837.13	1500	8427.394	4.57E-03	1.46E-03
838.13	1500	8423.172	4.58E-03	1.46E-03
839.13	1500	8437.956	4.58E-03	1.46E-03
840.13	1500	8456.827	4.59E-03	1.46E-03
841.13	1500	8462.558	4.59E-03	1.46E-03
842.13	1500	8483.872	4.59E-03	1.46E-03
843.13	1500	8484.669	4.60E-03	1.46E-03
844.13	1500	8491.184	4.60E-03	1.46E-03
845.13	1500	8515.416	4.61E-03	1.45E-03
846.13	1500	8520.558	4.61E-03	1.45E-03
847.13	1500	8528.523	4.61E-03	1.45E-03
848.13	1500	8523.334	4.62E-03	1.45E-03
849.13	1500	8532.677	4.62E-03	1.45E-03
850.13	1500	8554.638	4.62E-03	1.45E-03
851.13	1500	8549.25	4.63E-03	1.45E-03
852.13	1500	8557.805	4.63E-03	1.45E-03
853.13	1500	8576.95	4.64E-03	1.44E-03
854.13	1500	8599.828	4.64E-03	1.44E-03
855.13	1500	8603.435	4.64E-03	1.44E-03
856.13	1500	8619.47	4.65E-03	1.44E-03
857.13	1500	8625.545	4.65E-03	1.44E-03
858.13	1500	8636.794	4.65E-03	1.44E-03
859.13	1500	8649.659	4.66E-03	1.44E-03
860.13	1500	8648.64	4.66E-03	1.44E-03
861.13	1500	8648.466	4.67E-03	1.44E-03
862.13	1500	8666.78	4.67E-03	1.43E-03
863.13	1500	8677.995	4.68E-03	1.43E-03
864.13	1500	8686.959	4.68E-03	1.43E-03
865.13	1500	8685.383	4.68E-03	1.43E-03
866.13	1500	8712.787	4.69E-03	1.43E-03
867.13	1500	8721.768	4.69E-03	1.43E-03
868.13	1500	8726.452	4.70E-03	1.43E-03
869.13	1500	8744.389	4.70E-03	1.42E-03
870.13	1500	8750.421	4.70E-03	1.42E-03
871.13	1500	8751.46	4.71E-03	1.42E-03
872.13	1500	8775.353	4.71E-03	1.42E-03
873.13	1500	8784.307	4.72E-03	1.42E-03
874.13	1500	8795.906	4.72E-03	1.42E-03
875.13	1500	8789.089	4.72E-03	1.42E-03
876.13	1500	8799.271	4.73E-03	1.42E-03
877.13	1500	8806.405	4.73E-03	1.42E-03
878.13	1500	8818.659	4.74E-03	1.41E-03
879.13	1500	8837.05	4.74E-03	1.41E-03
880.13	1500	8849.439	4.74E-03	1.41E-03
881.13	1500	8860.794	4.75E-03	1.41E-03
882.13	1500	8868.238	4.75E-03	1.41E-03
883.13	1500	8887.388	4.76E-03	1.41E-03
884.13	1500	8890.472	4.76E-03	1.41E-03
885.13	1500	8895.721	4.76E-03	1.40E-03
886.13	1500	8901.116	4.77E-03	1.40E-03
887.13	1500	8909.742	4.77E-03	1.40E-03
888.13	1500	8913.654	4.78E-03	1.40E-03
889.13	1500	8937.881	4.78E-03	1.40E-03
890.13	1500	8930.897	4.78E-03	1.40E-03
891.13	1500	8951.776	4.79E-03	1.40E-03
892.13	1500	8968.602	4.79E-03	1.40E-03
893.13	1500	8967.063	4.80E-03	1.40E-03
894.13	1500	8991.488	4.80E-03	1.39E-03
895.13	1500	8998.284	4.80E-03	1.39E-03
896.13	1500	9003.786	4.81E-03	1.39E-03
897.13	1500	9017.77	4.81E-03	1.39E-03
898.13	1500	9026.318	4.82E-03	1.39E-03
899.13	1500	9034.975	4.82E-03	1.39E-03
900.13	1500	9040.763	4.82E-03	1.39E-03
901.13	1500	9037.379	4.83E-03	1.39E-03
902.13	1500	9054.148	4.83E-03	1.38E-03
903.13	1500	9066.274	4.84E-03	1.38E-03
904.13	1500	9080.956	4.84E-03	1.38E-03
905.13	1500	9111.781	4.85E-03	1.38E-03
906.13	1500	9101.502	4.85E-03	1.38E-03
907.13	1500	9115.823	4.85E-03	1.38E-03
908.13	1500	9111.173	4.85E-03	1.38E-03
909.13	1500	9131.49	4.86E-03	1.37E-03
910.13	1500	9147.001	4.86E-03	1.37E-03
911.13	1500	9139.79	4.87E-03	1.37E-03
912.13	1500	9144.445	4.87E-03	1.37E-03
913.13	1500	9172.34	4.88E-03	1.37E-03
914.13	1500	9177.234	4.88E-03	1.37E-03
915.13	1500	9180.339	4.88E-03	1.37E-03
916.13	1500	9201.138	4.89E-03	1.36E-03
917.13	1500	9211.757	4.89E-03	1.36E-03
918.13	1500	9218.477	4.90E-03	1.36E-03
919.13	1500	9229.539	4.90E-03	1.36E-03
920.13	1500	9230.465	4.90E-03	1.36E-03
921.13	1500	9237.277	4.91E-03	1.36E-03
922.13	1500	9241.981	4.91E-03	1.36E-03
923.13	1500	9263.881	4.92E-03	1.36E-03
924.13	1500	9271.04	4.92E-03	1.36E-03
925.13	1500	9285.164	4.92E-03	1.35E-03
926.13	1500	9286.027	4.93E-03	1.35E-03
927.13	1500	9296.065	4.93E-03	1.35E-03
928.13	1500	9297.621	4.94E-03	1.35E-03
929.13	1500	9306.615	4.94E-03	1.35E-03
930.13	1500	9336.123	4.94E-03	1.35E-03
931.13	1500	9335.85	4.95E-03	1.35E-03
932.13	1500	9345.253	4.95E-03	1.35E-03
933.13	1500	9357.682	4.96E-03	1.34E-03
934.13	1500	9367.111	4.96E-03	1.34E-03
935.13	1500	9375.633	4.96E-03	1.34E-03
936.13	1500	9386.309	4.97E-03	1.34E-03
937.13	1500	9390.812	4.97E-03	1.34E-03
938.13	1500	9396.771	4.97E-03	1.34E-03
939.13	1500	9418.074	4.98E-03	1.34E-03
940.13	1500	9409.102	4.98E-03	1.34E-03
941.13	1500	9427.397	4.99E-03	1.33E-03
942.13	1500	9440.857	4.99E-03	1.33E-03
943.13	1500	9455.924	5.00E-03	1.33E-03
944.13	1500	9457.443	5.00E-03	1.33E-03
945.13	1500	9476.904	5.00E-03	1.33E-03
946.13	1500	9477.18	5.01E-03	1.33E-03
947.13	1500	9485.544	5.01E-03	1.33E-03
948.13	1500	9497.562	5.02E-03	1.32E-03
949.13	1500	9504.5	5.02E-03	1.32E-03
950.13	1500	9516.093	5.02E-03	1.32E-03
951.13	1500	9517.553	5.03E-03	1.32E-03
952.13	1500	9532.037	5.03E-03	1.32E-03
953.13	1500	9537.685	5.04E-03	1.32E-03
954.13	1500	9545.866	5.04E-03	1.32E-03
955.13	1500	9564.904	5.04E-03	1.31E-03
956.13	1500	9575.42	5.05E-03	1.31E-03
957.13	1500	9576.614	5.05E-03	1.31E-03
958.13	1500	9597.357	5.06E-03	1.31E-03
959.13	1500	9592.05	5.06E-03	1.31E-03
960.13	1500	9622.088	5.06E-03	1.31E-03
961.13	1500	9618.621	5.07E-03	1.31E-03
962.13	1500	9637.049	5.07E-03	1.30E-03
963.13	1500	9624.547	5.07E-03	1.30E-03
964.13	1500	9638.836	5.08E-03	1.30E-03
965.13	1500	9662.302	5.08E-03	1.30E-03
966.13	1500	9666.289	5.09E-03	1.30E-03
967.13	1500	9682.007	5.09E-03	1.30E-03
968.13	1500	9687.047	5.10E-03	1.30E-03
969.13	1500	9683.21	5.10E-03	1.30E-03
970.13	1500	9709.4	5.11E-03	1.29E-03
971.13	1500	9717.619	5.11E-03	1.29E-03
972.13	1500	9715.924	5.11E-03	1.29E-03
973.13	1500	9726.124	5.12E-03	1.29E-03
974.13	1500	9732.695	5.12E-03	1.29E-03
975.13	1500	9740.273	5.12E-03	1.29E-03
976.13	1500	9751.903	5.13E-03	1.29E-03
977.13	1500	9758.63	5.13E-03	1.29E-03
978.13	1500	9775.704	5.14E-03	1.28E-03
979.13	1500	9778.672	5.14E-03	1.28E-03
980.13	1500	9776.101	5.15E-03	1.28E-03
981.13	1500	9802.216	5.15E-03	1.28E-03
982.13	1500	9817.293	5.15E-03	1.28E-03
983.13	1500	9828.956	5.16E-03	1.28E-03
984.13	1500	9826.618	5.16E-03	1.28E-03
985.13	1500	9839.062	5.16E-03	1.27E-03
986.13	1500	9843.994	5.17E-03	1.27E-03
987.13	1500	9847.319	5.17E-03	1.27E-03
988.13	1500	9850.337	5.17E-03	1.27E-03
989.13	1500	9870.203	5.18E-03	1.27E-03
990.13	1500	9876.15	5.18E-03	1.27E-03
991.13	1500	9895.604	5.19E-03	1.27E-03
992.13	1500	9904.373	5.19E-03	1.26E-03
993.13	1500	9915.521	5.20E-03	1.26E-03
994.13	1500	9927.961	5.20E-03	1.26E-03
995.13	1500	9935.485	5.20E-03	1.26E-03
996.13	1500	9934.172	5.21E-03	1.26E-03
997.13	1500	9956.119	5.21E-03	1.26E-03
998.13	1500	9947.951	5.22E-03	1.26E-03
999.13	1500	9965.533	5.22E-03	1.25E-03
1000.13	1500	9958.256	5.22E-03	1.25E-03
1001.13	1500	9980.536	5.23E-03	1.25E-03
1002.13	1500	9990.735	5.23E-03	1.25E-03
1003.13	1500	10002.89	5.24E-03	1.25E-03
1004.13	1500	10016.88	5.24E-03	1.25E-03
1005.13	1500	10015.37	5.24E-03	1.25E-03
1006.13	1500	10024.37	5.25E-03	1.24E-03
1007.13	1500	10036.93	5.25E-03	1.24E-03
1008.13	1500	10041.59	5.26E-03	1.24E-03
1009.13	1500	10047.91	5.26E-03	1.24E-03
1010.13	1500	10054.29	5.26E-03	1.24E-03
1011.13	1500	10071.26	5.27E-03	1.24E-03
1012.13	1500	10075.49	5.27E-03	1.24E-03
1013.13	1500	10076.8	5.27E-03	1.24E-03
1014.13	1500	10085.98	5.28E-03	1.23E-03
1015.13	1500	10090.81	5.28E-03	1.23E-03
1016.13	1500	10105.05	5.29E-03	1.23E-03
1017.13	1500	10122.05	5.29E-03	1.23E-03
1018.13	1500	10124.87	5.30E-03	1.23E-03
1019.13	1500	10132.37	5.30E-03	1.23E-03
1020.13	1500	10143.47	5.30E-03	1.23E-03
1021.13	1500	10155.17	5.31E-03	1.22E-03
1022.13	1500	10169.42	5.31E-03	1.22E-03
1023.13	1500	10162.78	5.31E-03	1.22E-03
1024.13	1500	10184.81	5.32E-03	1.22E-03
1025.13	1500	10184.33	5.32E-03	1.22E-03
1026.13	1500	10195.17	5.33E-03	1.22E-03
1027.13	1500	10205.97	5.33E-03	1.22E-03
1028.13	1500	10205.8	5.34E-03	1.22E-03
1029.13	1500	10211.28	5.34E-03	1.21E-03
1030.13	1500	10236.39	5.35E-03	1.21E-03
1031.13	1500	10239.94	5.35E-03	1.21E-03
1032.13	1500	10232.79	5.35E-03	1.21E-03
1033.13	1500	10257.98	5.36E-03	1.21E-03
1034.13	1500	10268.2	5.36E-03	1.21E-03
1035.13	1500	10278.66	5.36E-03	1.21E-03
1036.13	1500	10285.26	5.37E-03	1.20E-03
1037.13	1500	10283.06	5.37E-03	1.20E-03
1038.13	1500	10290.32	5.37E-03	1.20E-03
1039.13	1500	10298.84	5.38E-03	1.20E-03
1040.13	1500	10315.47	5.38E-03	1.20E-03
1041.13	1500	10319.92	5.39E-03	1.20E-03
1042.13	1500	10337.63	5.39E-03	1.19E-03
1043.13	1500	10353.45	5.40E-03	1.19E-03
1044.13	1500	10345.58	5.40E-03	1.19E-03
1045.13	1500	10367.43	5.40E-03	1.19E-03
1046.13	1500	10361.78	5.41E-03	1.19E-03
1047.13	1500	10365.33	5.41E-03	1.19E-03
1048.13	1500	10389.97	5.42E-03	1.19E-03
1049.13	1500	10407.58	5.42E-03	1.18E-03
1050.13	1500	10386.16	5.42E-03	1.18E-03
1051.13	1500	10398.12	5.43E-03	1.18E-03
1052.13	1500	10414.91	5.43E-03	1.18E-03
1053.13	1500	10423.75	5.44E-03	1.18E-03
1054.13	1500	10442.81	5.44E-03	1.18E-03
1055.13	1500	10440.66	5.45E-03	1.18E-03
1056.13	1500	10454.77	5.45E-03	1.18E-03
1057.13	1500	10463.81	5.45E-03	1.17E-03
1058.13	1500	10468.73	5.46E-03	1.17E-03
1059.13	1500	10482.9	5.46E-03	1.17E-03
1060.13	1500	10478.54	5.46E-03	1.17E-03
1061.13	1500	10492.23	5.47E-03	1.17E-03
1062.13	1500	10505.71	5.47E-03	1.17E-03
1063.13	1500	10493.83	5.48E-03	1.17E-03
1064.13	1500	10522.27	5.48E-03	1.16E-03
1065.13	1500	10530.56	5.48E-03	1.16E-03
1066.13	1500	10549.87	5.49E-03	1.16E-03
1067.13	1500	10544.96	5.49E-03	1.16E-03
1068.13	1500	10548.62	5.50E-03	1.16E-03
1069.13	1500	10561.92	5.50E-03	1.16E-03
1070.13	1500	10559.25	5.50E-03	1.16E-03
1071.13	1500	10575.21	5.51E-03	1.15E-03
1072.13	1500	10586.67	5.51E-03	1.15E-03
1073.13	1500	10585.06	5.51E-03	1.15E-03
1074.13	1500	10598.8	5.52E-03	1.15E-03
1075.13	1500	10610.54	5.52E-03	1.15E-03
1076.13	1500	10630.87	5.53E-03	1.15E-03
1077.13	1500	10626.33	5.53E-03	1.15E-03
1078.13	1500	10648.46	5.54E-03	1.14E-03
1079.13	1500	10640.87	5.54E-03	1.14E-03
1080.13	1500	10647.02	5.54E-03	1.14E-03
1081.13	1500	10662.67	5.55E-03	1.14E-03
1082.13	1500	10680.3	5.55E-03	1.14E-03
1083.13	1500	10685.84	5.55E-03	1.14E-03
1084.13	1500	10692.18	5.56E-03	1.13E-03
1085.13	1500	10683.68	5.56E-03	1.13E-03
1086.13	1500	10700.54	5.57E-03	1.13E-03
1087.13	1500	10708.99	5.57E-03	1.13E-03
1088.13	1500	10724.64	5.58E-03	1.13E-03
1089.13	1500	10729.6	5.58E-03	1.13E-03
1090.13	1500	10741.3	5.59E-03	1.13E-03
1091.13	1500	10761.5	5.59E-03	1.12E-03
1092.13	1500	10748.7	5.59E-03	1.12E-03
1093.13	1500	10767.57	5.60E-03	1.12E-03
1094.13	1500	10766.37	5.60E-03	1.12E-03
1095.13	1500	10775.36	5.60E-03	1.12E-03
1096.13	1500	10781.94	5.61E-03	1.12E-03
1097.13	1500	10801.28	5.61E-03	1.12E-03
1098.13	1500	10801.17	5.61E-03	1.12E-03
1099.13	1500	10803.8	5.62E-03	1.11E-03
1100.13	1500	10829.53	5.63E-03	1.11E-03
1101.13	1500	10822.89	5.63E-03	1.11E-03
1102.13	1500	10846.36	5.63E-03	1.11E-03
1103.13	1500	10839.89	5.64E-03	1.11E-03
1104.13	1500	10845.28	5.64E-03	1.11E-03
1105.13	1500	10857.82	5.64E-03	1.11E-03
1106.13	1500	10876.6	5.65E-03	1.10E-03
1107.13	1500	10871.62	5.65E-03	1.10E-03
1108.13	1500	10877.85	5.66E-03	1.10E-03
1109.13	1500	10889	5.66E-03	1.10E-03
1110.13	1500	10911.82	5.66E-03	1.10E-03
1111.13	1500	10914.7	5.67E-03	1.10E-03
1112.13	1500	10925.25	5.67E-03	1.09E-03
1113.13	1500	10944.64	5.68E-03	1.09E-03
1114.13	1500	10944.07	5.68E-03	1.09E-03
1115.13	1500	10962.55	5.69E-03	1.09E-03
1116.13	1500	10966.4	5.69E-03	1.09E-03
1117.13	1500	10974.07	5.69E-03	1.09E-03
1118.13	1500	10979.83	5.69E-03	1.08E-03
1119.13	1500	10982.69	5.70E-03	1.08E-03
1120.13	1500	10999.54	5.70E-03	1.08E-03
1121.13	1500	10996.16	5.71E-03	1.08E-03
1122.13	1500	11018.1	5.71E-03	1.08E-03
1123.13	1500	11040.17	5.72E-03	1.07E-03
1124.13	1500	11039.87	5.72E-03	1.07E-03
1125.13	1500	11054.52	5.72E-03	1.07E-03
1126.13	1500	11068.47	5.73E-03	1.07E-03
1127.13	1500	11070.39	5.73E-03	1.07E-03
1128.13	1500	11067.91	5.74E-03	1.07E-03
1129.13	1500	11074.33	5.74E-03	1.07E-03
1130.13	1500	11096.47	5.74E-03	1.06E-03
1131.13	1500	11087.46	5.75E-03	1.06E-03
1132.13	1500	11087.8	5.75E-03	1.06E-03
1133.13	1500	11108.74	5.76E-03	1.06E-03
1134.13	1500	11125.09	5.76E-03	1.06E-03
1135.13	1500	11141.67	5.77E-03	1.06E-03
1136.13	1500	11143.68	5.77E-03	1.05E-03
1137.13	1500	11139.74	5.77E-03	1.05E-03
1138.13	1500	11164.36	5.78E-03	1.05E-03
1139.13	1500	11163.91	5.78E-03	1.05E-03
1140.13	1500	11182.32	5.78E-03	1.05E-03
1141.13	1500	11183.5	5.79E-03	1.05E-03
1142.13	1500	11208.24	5.79E-03	1.04E-03
1143.13	1500	11186.8	5.80E-03	1.04E-03
1144.13	1500	11207.1	5.80E-03	1.04E-03
1145.13	1500	11212.41	5.81E-03	1.04E-03
1146.13	1500	11223.26	5.81E-03	1.04E-03
1147.13	1500	11242.76	5.81E-03	1.04E-03
1148.13	1500	11242.76	5.82E-03	1.03E-03
1149.13	1500	11248.61	5.82E-03	1.03E-03
1150.13	1500	11266.91	5.82E-03	1.03E-03
1151.13	1500	11275.01	5.83E-03	1.03E-03
1152.13	1500	11274.15	5.83E-03	1.03E-03
1153.13	1500	11282.05	5.84E-03	1.03E-03
1154.13	1500	11297.96	5.84E-03	1.02E-03
1155.13	1500	11301.24	5.85E-03	1.02E-03
1156.13	1500	11305.04	5.85E-03	1.02E-03
1157.13	1500	11324.36	5.85E-03	1.02E-03
1158.13	1500	11329.31	5.86E-03	1.02E-03
1159.13	1500	11328.18	5.86E-03	1.02E-03
1160.13	1500	11341.73	5.86E-03	1.02E-03
1161.13	1500	11347.03	5.87E-03	1.02E-03
1162.13	1500	11348.5	5.87E-03	1.01E-03
1163.13	1500	11371.89	5.88E-03	1.01E-03
1164.13	1500	11363.14	5.88E-03	1.01E-03
1165.13	1500	11373.47	5.88E-03	1.01E-03
1166.13	1500	11387.4	5.89E-03	1.01E-03
1167.13	1500	11390.17	5.89E-03	1.01E-03
1168.13	1500	11396.44	5.90E-03	1.00E-03
1169.13	1500	11416.75	5.90E-03	1.00E-03
1170.13	1500	11411.93	5.90E-03	9.99E-04
1171.13	1500	11419.28	5.91E-03	9.97E-04
1172.13	1500	11433.16	5.91E-03	9.95E-04
1173.13	1500	11435.49	5.91E-03	9.95E-04
1174.13	1500	11445.13	5.92E-03	9.92E-04
1175.13	1500	11462.06	5.92E-03	9.90E-04
1176.13	1500	11464.5	5.93E-03	9.89E-04
1177.13	1500	11479.48	5.93E-03	9.86E-04
1178.13	1500	11484.84	5.94E-03	9.85E-04
1179.13	1500	11485.53	5.94E-03	9.84E-04
1180.13	1500	11508.71	5.94E-03	9.81E-04
1181.13	1500	11486.71	5.95E-03	9.82E-04
1182.13	1500	11524.25	5.95E-03	9.77E-04
1183.13	1500	11524.6	5.96E-03	9.76E-04
1184.13	1500	11516.35	5.96E-03	9.75E-04
1185.13	1500	11541.43	5.96E-03	9.73E-04
1186.13	1500	11557.12	5.97E-03	9.70E-04
1187.13	1500	11562.39	5.97E-03	9.69E-04
1188.13	1500	11567.85	5.98E-03	9.68E-04
1189.13	1500	11569.31	5.98E-03	9.67E-04
1190.13	1500	11588.74	5.98E-03	9.64E-04
1191.13	1500	11585.19	5.99E-03	9.64E-04
1192.13	1500	11588.26	5.99E-03	9.63E-04
1193.13	1500	11590.07	6.00E-03	9.61E-04
1194.13	1500	11590.12	6.00E-03	9.61E-04
1195.13	1500	11611.29	6.01E-03	9.58E-04
1196.13	1500	11606.35	6.01E-03	9.57E-04
1197.13	1500	11630.25	6.01E-03	9.54E-04
1198.13	1500	11634.72	6.02E-03	9.53E-04
1199.13	1500	11654.58	6.02E-03	9.50E-04
1200.13	1500	11652.14	6.02E-03	9.49E-04
1201.13	1500	11670.56	6.03E-03	9.46E-04
1202.13	1500	11664.41	6.03E-03	9.45E-04
1203.13	1500	11688.76	6.04E-03	9.42E-04
1204.13	1500	11683.69	6.04E-03	9.42E-04
1205.13	1500	11688.44	6.04E-03	9.40E-04
1206.13	1500	11691.41	6.05E-03	9.40E-04
1207.13	1500	11725.82	6.05E-03	9.35E-04
1208.13	1500	11730.41	6.06E-03	9.33E-04
1209.13	1500	11734.4	6.06E-03	9.32E-04
1210.13	1500	11739.69	6.06E-03	9.31E-04
1211.13	1500	11742.08	6.07E-03	9.29E-04
1212.13	1500	11752.52	6.07E-03	9.27E-04
1213.13	1500	11756.07	6.08E-03	9.27E-04
1214.13	1500	11759.28	6.08E-03	9.25E-04
1215.13	1500	11762.73	6.09E-03	9.23E-04
1216.13	1500	11790.76	6.09E-03	9.19E-04
1217.13	1500	11780.05	6.09E-03	9.20E-04
1218.13	1500	11802.34	6.10E-03	9.17E-04
1219.13	1500	11792.6	6.10E-03	9.16E-04
1220.13	1500	11810.36	6.10E-03	9.14E-04
1221.13	1500	11818.42	6.11E-03	9.12E-04
1222.13	1500	11826.94	6.11E-03	9.10E-04
1223.13	1500	11830.93	6.11E-03	9.09E-04
1224.13	1500	11837.74	6.12E-03	9.07E-04
1225.13	1500	11841.45	6.12E-03	9.05E-04
1226.13	1500	11854.71	6.13E-03	9.03E-04
1227.13	1500	11860.22	6.13E-03	9.01E-04
1228.13	1500	11868.14	6.14E-03	9.00E-04
1229.13	1500	11880.09	6.14E-03	8.98E-04
1230.13	1500	11895.32	6.14E-03	8.95E-04
1231.13	1500	11901.63	6.15E-03	8.94E-04
1232.13	1500	11904.68	6.15E-03	8.93E-04
1233.13	1500	11896.23	6.16E-03	8.92E-04
1234.13	1500	11925.84	6.16E-03	8.89E-04
1235.13	1500	11921.14	6.16E-03	8.88E-04
1236.13	1500	11933.18	6.17E-03	8.86E-04
1237.13	1500	11923.73	6.17E-03	8.85E-04
1238.13	1500	11954.92	6.18E-03	8.81E-04
1239.13	1500	11962.28	6.18E-03	8.80E-04
1240.13	1500	11960.62	6.18E-03	8.80E-04
1241.13	1500	11971.69	6.19E-03	8.77E-04
1242.13	1500	11969.96	6.19E-03	8.77E-04
1243.13	1500	11983.8	6.20E-03	8.74E-04
1244.13	1500	11988.16	6.20E-03	8.72E-04
1245.13	1500	11994.72	6.21E-03	8.70E-04
1246.13	1500	12007.6	6.21E-03	8.68E-04
1247.13	1500	12008.56	6.21E-03	8.67E-04
1248.13	1500	12025.53	6.22E-03	8.64E-04
1249.13	1500	12023.8	6.22E-03	8.64E-04
1250.13	1500	12033.53	6.22E-03	8.61E-04
1251.13	1500	12044.61	6.23E-03	8.59E-04
1252.13	1500	12059.18	6.23E-03	8.57E-04
1253.13	1500	12047.7	6.24E-03	8.56E-04
1254.13	1500	12066.45	6.24E-03	8.53E-04
1255.13	1500	12073.32	6.24E-03	8.52E-04
1256.13	1500	12084.93	6.25E-03	8.49E-04
1257.13	1500	12091.46	6.25E-03	8.47E-04
1258.13	1500	12087.43	6.26E-03	8.46E-04
1259.13	1500	12107.07	6.26E-03	8.44E-04
1260.13	1500	12118.86	6.26E-03	8.42E-04
1261.13	1500	12136.23	6.27E-03	8.38E-04
1262.13	1500	12135.12	6.27E-03	8.37E-04
1263.13	1500	12133.98	6.28E-03	8.36E-04
1264.13	1500	12159.74	6.28E-03	8.32E-04
1265.13	1500	12161.81	6.28E-03	8.32E-04
1266.13	1500	12168.15	6.29E-03	8.30E-04
1267.13	1500	12163.93	6.29E-03	8.29E-04
1268.13	1500	12166.75	6.30E-03	8.28E-04
1269.13	1500	12185.05	6.30E-03	8.25E-04
1270.13	1500	12191.95	6.31E-03	8.24E-04
1271.13	1500	12203.54	6.31E-03	8.21E-04
1272.13	1500	12203.87	6.31E-03	8.20E-04
1273.13	1500	12216.06	6.32E-03	8.17E-04
1274.13	1500	12221.15	6.32E-03	8.16E-04
1275.13	1500	12216.07	6.32E-03	8.16E-04
1276.13	1500	12226.51	6.33E-03	8.14E-04
1277.13	1500	12241.39	6.33E-03	8.11E-04
1278.13	1500	12246.04	6.34E-03	8.10E-04
1279.13	1500	12256.02	6.34E-03	8.07E-04
1280.13	1500	12267.19	6.34E-03	8.05E-04
1281.13	1500	12277.67	6.35E-03	8.03E-04
1282.13	1500	12278.95	6.35E-03	8.01E-04
1283.13	1500	12294.01	6.36E-03	7.98E-04
1284.13	1500	12295.42	6.36E-03	7.97E-04
1285.13	1500	12292.88	6.36E-03	7.96E-04
1286.13	1500	12311.4	6.37E-03	7.93E-04
1287.13	1500	12321.85	6.37E-03	7.91E-04
1288.13	1500	12339.76	6.38E-03	7.88E-04
1289.13	1500	12336.73	6.38E-03	7.88E-04
1290.13	1500	12346.69	6.38E-03	7.84E-04
1291.13	1500	12343.24	6.39E-03	7.84E-04
1292.13	1500	12366.68	6.39E-03	7.81E-04
1293.13	1500	12369.23	6.40E-03	7.79E-04
1294.13	1500	12367.76	6.40E-03	7.77E-04
1295.13	1500	12373.3	6.41E-03	7.76E-04
1296.13	1500	12388.88	6.41E-03	7.74E-04
1297.13	1500	12403.78	6.41E-03	7.71E-04
1298.13	1500	12416.86	6.42E-03	7.68E-04
1299.13	1500	12414.63	6.42E-03	7.67E-04
1300.13	1500	12426.77	6.42E-03	7.65E-04
1301.13	1500	12438.4	6.43E-03	7.63E-04
1302.13	1500	12439.55	6.43E-03	7.60E-04
1303.13	1500	12438.46	6.44E-03	7.60E-04
1304.13	1500	12439.47	6.44E-03	7.59E-04
1305.13	1500	12453.41	6.44E-03	7.56E-04
1306.13	1500	12467.55	6.45E-03	7.54E-04
1307.13	1500	12465.91	6.45E-03	7.52E-04
1308.13	1500	12487.6	6.46E-03	7.49E-04
1309.13	1500	12493.31	6.46E-03	7.47E-04
1310.13	1500	12493.67	6.46E-03	7.46E-04
1311.13	1500	12499.97	6.47E-03	7.44E-04
1312.13	1500	12503.51	6.47E-03	7.42E-04
1313.13	1500	12504.66	6.48E-03	7.41E-04
1314.13	1500	12514.14	6.48E-03	7.39E-04
1315.13	1500	12532.19	6.48E-03	7.36E-04
1316.13	1500	12551.96	6.49E-03	7.33E-04
1317.13	1500	12545.18	6.49E-03	7.32E-04
1318.13	1500	12549.37	6.50E-03	7.29E-04
1319.13	1500	12564.33	6.50E-03	7.27E-04
1320.13	1500	12566.66	6.50E-03	7.25E-04
1321.13	1500	12581.86	6.51E-03	7.23E-04
1322.13	1500	12585.97	6.51E-03	7.21E-04
1323.13	1500	12582.81	6.51E-03	7.20E-04
1324.13	1500	12592.49	6.52E-03	7.18E-04
1325.13	1500	12592.53	6.52E-03	7.17E-04
1326.13	1500	12618.23	6.53E-03	7.13E-04
1327.13	1500	12622.55	6.53E-03	7.12E-04
1328.13	1500	12621.26	6.53E-03	7.11E-04
1329.13	1500	12646.59	6.54E-03	7.06E-04
1330.13	1500	12655.39	6.54E-03	7.04E-04
1331.13	1500	12642.39	6.55E-03	7.04E-04
1332.13	1500	12658.64	6.55E-03	7.01E-04
1333.13	1500	12671.38	6.56E-03	6.99E-04
1334.13	1500	12681.28	6.56E-03	6.96E-04
1335.13	1500	12681.6	6.57E-03	6.94E-04
1336.13	1500	12686.27	6.57E-03	6.93E-04
1337.13	1500	12694.24	6.57E-03	6.90E-04
1338.13	1500	12698.65	6.58E-03	6.89E-04
1339.13	1500	12688.74	6.58E-03	6.88E-04
1340.13	1500	12710.18	6.58E-03	6.85E-04
1341.13	1500	12720.54	6.59E-03	6.83E-04
1342.13	1500	12729.26	6.59E-03	6.81E-04
1343.13	1500	12736.98	6.59E-03	6.78E-04
1344.13	1500	12746.44	6.60E-03	6.75E-04
1345.13	1500	12750.57	6.60E-03	6.74E-04
1346.13	1500	12747.15	6.61E-03	6.73E-04
1347.13	1500	12757.55	6.61E-03	6.70E-04
1348.13	1500	12777.74	6.62E-03	6.67E-04
1349.13	1500	12779.02	6.62E-03	6.66E-04
1350.13	1500	12795.29	6.62E-03	6.63E-04
1351.13	1500	12802.03	6.63E-03	6.60E-04
1352.13	1500	12801.78	6.63E-03	6.59E-04
1353.13	1500	12789.6	6.63E-03	6.59E-04
1354.13	1500	12812.12	6.64E-03	6.55E-04
1355.13	1500	12803.21	6.64E-03	6.55E-04
1356.13	1500	12830.19	6.65E-03	6.51E-04
1357.13	1500	12838.88	6.65E-03	6.48E-04
1358.13	1500	12833.31	6.66E-03	6.47E-04
1359.13	1500	12851.42	6.66E-03	6.44E-04
1360.13	1500	12858.07	6.66E-03	6.41E-04
1361.13	1500	12855.69	6.67E-03	6.41E-04
1362.13	1500	12874.33	6.67E-03	6.37E-04
1363.13	1500	12882.22	6.68E-03	6.35E-04
1364.13	1500	12880.49	6.68E-03	6.33E-04
1365.13	1500	12893.05	6.69E-03	6.31E-04
1366.13	1500	12889.4	6.69E-03	6.30E-04
1367.13	1500	12901.4	6.69E-03	6.27E-04
1368.13	1500	12930.1	6.70E-03	6.23E-04
1369.13	1500	12923.34	6.70E-03	6.22E-04
1370.13	1500	12926.68	6.70E-03	6.20E-04
1371.13	1500	12919.02	6.70E-03	6.19E-04
1372.13	1500	12935.56	6.71E-03	6.16E-04
1373.13	1500	12945.01	6.72E-03	6.13E-04
1374.13	1500	12943.65	6.72E-03	6.12E-04
1375.13	1500	12965.36	6.72E-03	6.09E-04
1376.13	1500	12980.99	6.73E-03	6.06E-04
1377.13	1500	12976.51	6.73E-03	6.04E-04
1378.13	1500	12988.29	6.74E-03	6.01E-04
1379.13	1500	12994.01	6.74E-03	5.99E-04
1380.13	1500	13003.04	6.74E-03	5.97E-04
1381.13	1500	12997.52	6.75E-03	5.96E-04
1382.13	1500	13003.31	6.75E-03	5.95E-04
1383.13	1500	13026.44	6.75E-03	5.91E-04
1384.13	1500	13015.41	6.76E-03	5.90E-04
1385.13	1500	13055	6.77E-03	5.85E-04
1386.13	1500	13046.06	6.77E-03	5.84E-04
1387.13	1500	13062.39	6.77E-03	5.81E-04
1388.13	1500	13043.66	6.77E-03	5.81E-04
1389.13	1500	13072.39	6.78E-03	5.76E-04
1390.13	1500	13057.98	6.78E-03	5.76E-04
1391.13	1500	13077.81	6.79E-03	5.72E-04
1392.13	1500	13091.7	6.79E-03	5.70E-04
1393.13	1500	13091.08	6.80E-03	5.68E-04
1394.13	1500	13107.64	6.80E-03	5.65E-04
1395.13	1500	13108.43	6.80E-03	5.64E-04
1396.13	1500	13101.71	6.81E-03	5.63E-04
1397.13	1500	13117.87	6.81E-03	5.59E-04
1398.13	1500	13123.6	6.81E-03	5.57E-04
1399.13	1500	13132.38	6.82E-03	5.55E-04
1400.13	1500	13140.13	6.82E-03	5.52E-04
1401.13	1500	13143.85	6.83E-03	5.50E-04
1402.13	1500	13160.21	6.83E-03	5.47E-04
1403.13	1500	13168.93	6.84E-03	5.45E-04
1404.13	1500	13180.2	6.84E-03	5.42E-04
1405.13	1500	13184.14	6.84E-03	5.40E-04
1406.13	1500	13186.62	6.85E-03	5.38E-04
1407.13	1500	13195.95	6.85E-03	5.36E-04
1408.13	1500	13209.35	6.86E-03	5.33E-04
1409.13	1500	13202.6	6.86E-03	5.31E-04
1410.13	1500	13210.9	6.86E-03	5.29E-04
1411.13	1500	13218.29	6.87E-03	5.27E-04
1412.13	1500	13223.28	6.87E-03	5.25E-04
1413.13	1500	13228.16	6.88E-03	5.23E-04
1414.13	1500	13244.97	6.88E-03	5.19E-04
1415.13	1500	13255.99	6.88E-03	5.17E-04
1416.13	1500	13254.84	6.89E-03	5.15E-04
1417.13	1500	13246.27	6.90E-03	5.14E-04
1418.13	1500	13269.91	6.90E-03	5.10E-04
1419.13	1500	13265.8	6.90E-03	5.08E-04
1420.13	1500	13292.43	6.91E-03	5.04E-04
1421.13	1500	13294.58	6.91E-03	5.03E-04
1422.13	1500	13294.99	6.91E-03	5.02E-04
1423.13	1500	13299.24	6.92E-03	4.99E-04
1424.13	1500	13303.22	6.92E-03	4.97E-04
1425.13	1500	13312.15	6.93E-03	4.94E-04
1426.13	1500	13311.68	6.93E-03	4.92E-04
1427.13	1500	13323.71	6.93E-03	4.89E-04
1428.13	1500	13333.78	6.94E-03	4.86E-04
1429.13	1500	13334.4	6.94E-03	4.85E-04
1430.13	1500	13353.37	6.94E-03	4.81E-04
1431.13	1500	13356.06	6.95E-03	4.79E-04
1432.13	1500	13346.01	6.95E-03	4.79E-04
1433.13	1500	13367.29	6.96E-03	4.75E-04
1434.13	1500	13378.56	6.96E-03	4.71E-04
1435.13	1500	13376.39	6.96E-03	4.70E-04
1436.13	1500	13388.36	6.97E-03	4.67E-04
1437.13	1500	13393.12	6.97E-03	4.65E-04
1438.13	1500	13398.73	6.98E-03	4.63E-04
1439.13	1500	13403.6	6.98E-03	4.60E-04
1440.13	1500	13407.96	6.98E-03	4.59E-04
1441.13	1500	13414	6.99E-03	4.56E-04
1442.13	1500	13435.39	6.99E-03	4.52E-04
1443.13	1500	13434.55	6.99E-03	4.50E-04
1444.13	1500	13448.17	7.00E-03	4.47E-04
1445.13	1500	13449.16	7.00E-03	4.45E-04
1446.13	1500	13464.52	7.01E-03	4.42E-04
1447.13	1500	13465.27	7.01E-03	4.41E-04
1448.13	1500	13475.1	7.02E-03	4.37E-04
1449.13	1500	13488.9	7.02E-03	4.34E-04
1450.13	1500	13480.7	7.02E-03	4.33E-04
1451.13	1500	13496.95	7.03E-03	4.30E-04
1452.13	1500	13501.37	7.03E-03	4.27E-04
1453.13	1500	13504.12	7.04E-03	4.25E-04
1454.13	1500	13505.3	7.04E-03	4.23E-04
1455.13	1500	13534.46	7.05E-03	4.19E-04
1456.13	1500	13518.76	7.05E-03	4.19E-04
1457.13	1500	13532.93	7.05E-03	4.15E-04
1458.13	1500	13548.73	7.06E-03	4.12E-04
1459.13	1500	13527.05	7.06E-03	4.12E-04
1460.13	1500	13572.27	7.06E-03	4.05E-04
1461.13	1500	13578.42	7.07E-03	4.02E-04
1462.13	1500	13564.51	7.07E-03	4.02E-04
1463.13	1500	13573.57	7.08E-03	3.99E-04
1464.13	1500	13581.95	7.08E-03	3.97E-04
1465.13	1500	13589.22	7.08E-03	3.94E-04
1466.13	1500	13585.67	7.09E-03	3.92E-04
1467.13	1500	13608.52	7.09E-03	3.88E-04
1468.13	1500	13596.01	7.09E-03	3.89E-04
1469.13	1500	13605.63	7.10E-03	3.84E-04
1470.13	1500	13615.9	7.10E-03	3.82E-04
1471.13	1500	13628.71	7.11E-03	3.79E-04
1472.13	1500	13634.01	7.11E-03	3.76E-04
1473.13	1500	13631.95	7.11E-03	3.75E-04
1474.13	1500	13656.84	7.12E-03	3.71E-04
1475.13	1500	13634.38	7.12E-03	3.71E-04
1476.13	1500	13668.23	7.13E-03	3.66E-04
1477.13	1500	13683.28	7.13E-03	3.62E-04
1478.13	1500	13701.87	7.13E-03	3.59E-04
1479.13	1500	13684.33	7.14E-03	3.58E-04
1480.13	1500	13691.29	7.14E-03	3.56E-04
1481.13	1500	13681.38	7.15E-03	3.55E-04
1482.13	1500	13715.08	7.16E-03	3.50E-04
1483.13	1500	13714.86	7.16E-03	3.48E-04
1484.13	1500	13709.75	7.16E-03	3.47E-04
1485.13	1500	13715.35	7.16E-03	3.44E-04
1486.13	1500	13732.09	7.17E-03	3.41E-04
1487.13	1500	13720.75	7.17E-03	3.40E-04
1488.13	1500	13746.9	7.18E-03	3.36E-04
1489.13	1500	13744.47	7.18E-03	3.34E-04
1490.13	1500	13760.11	7.19E-03	3.31E-04
1491.13	1500	13757.1	7.19E-03	3.29E-04
1492.13	1500	13772.16	7.19E-03	3.25E-04
1493.13	1500	13767.85	7.19E-03	3.24E-04
1494.13	1500	13782.37	7.20E-03	3.20E-04
1495.13	1500	13804.02	7.20E-03	3.17E-04
1496.13	1500	13798.98	7.21E-03	3.15E-04
1497.13	1500	13800.02	7.21E-03	3.13E-04
1498.13	1500	13809.94	7.22E-03	3.10E-04
1499.13	1500	13815.51	7.22E-03	3.08E-04
1500.13	1500	13820.4	7.23E-03	3.05E-04
1501.13	1500	13842.74	7.23E-03	3.01E-04
1502.13	1500	13824.53	7.23E-03	3.01E-04
1503.13	1500	13847.87	7.24E-03	2.97E-04
1504.13	1500	13840.97	7.24E-03	2.95E-04
1505.13	1500	13849.11	7.24E-03	2.93E-04
1506.13	1500	13853.08	7.25E-03	2.90E-04
1507.13	1500	13866.56	7.25E-03	2.87E-04
1508.13	1500	13876.48	7.26E-03	2.84E-04
1509.13	1500	13879.07	7.26E-03	2.82E-04
1510.13	1500	13889.71	7.26E-03	2.79E-04
1511.13	1500	13896.15	7.27E-03	2.76E-04
1512.13	1500	13902.53	7.27E-03	2.73E-04
1513.13	1500	13917.05	7.28E-03	2.69E-04
1514.13	1500	13916.65	7.28E-03	2.67E-04
1515.13	1500	13930.54	7.28E-03	2.62E-04
1516.13	1500	13927.37	7.29E-03	2.62E-04
1517.13	1500	13928.18	7.29E-03	2.59E-04
1518.13	1500	13943.2	7.30E-03	2.55E-04
1519.13	1500	13939.73	7.30E-03	2.54E-04
1520.13	1500	13962.63	7.30E-03	2.49E-04
1521.13	1500	13969.37	7.31E-03	2.46E-04
1522.13	1500	13959.04	7.31E-03	2.44E-04
1523.13	1500	13972.58	7.32E-03	2.41E-04
1524.13	1500	13991.56	7.32E-03	2.37E-04
1525.13	1500	14001.76	7.32E-03	2.34E-04
1526.13	1500	14003.62	7.33E-03	2.32E-04
1527.13	1500	13987.26	7.33E-03	2.32E-04
1528.13	1500	14009.08	7.34E-03	2.27E-04
1529.13	1500	14008.41	7.34E-03	2.24E-04
1530.13	1500	14027.65	7.35E-03	2.21E-04
1531.13	1500	13997.04	7.35E-03	2.21E-04
1532.13	1500	14033.77	7.35E-03	2.16E-04
1533.13	1500	14036.4	7.36E-03	2.13E-04
1534.13	1500	14051	7.36E-03	2.10E-04
1535.13	1500	14050.48	7.36E-03	2.07E-04
1536.13	1500	14042.76	7.37E-03	2.05E-04
1537.13	1500	14072.13	7.37E-03	2.00E-04
1538.13	1500	14071.29	7.37E-03	1.98E-04
1539.13	1500	14066.92	7.38E-03	1.96E-04
1540.13	1500	14092.15	7.38E-03	1.91E-04
1541.13	1500	14091.65	7.39E-03	1.89E-04
1542.13	1500	14105.12	7.39E-03	1.86E-04
1543.13	1500	14115.52	7.40E-03	1.83E-04
1544.13	1500	14117.98	7.40E-03	1.80E-04
1545.13	1500	14121.73	7.41E-03	1.78E-04
1546.13	1500	14126.05	7.41E-03	1.76E-04
1547.13	1500	14138.61	7.41E-03	1.72E-04
1548.13	1500	14146.59	7.42E-03	1.69E-04
1549.13	1500	14146.56	7.42E-03	1.67E-04
1550.13	1500	14151.52	7.42E-03	1.63E-04
1551.13	1500	14157.95	7.43E-03	1.60E-04
1552.13	1500	14168.44	7.43E-03	1.57E-04
1553.13	1500	14174.13	7.44E-03	1.54E-04
1554.13	1500	14192.71	7.44E-03	1.50E-04
1555.13	1500	14186.62	7.44E-03	1.48E-04
1556.13	1500	14196.57	7.45E-03	1.44E-04
1557.13	1500	14204.65	7.45E-03	1.41E-04
1558.13	1500	14206.27	7.46E-03	1.38E-04
1559.13	1500	14208.81	7.46E-03	1.36E-04
1560.13	1500	14214.77	7.46E-03	1.32E-04
1561.13	1500	14248.01	7.47E-03	1.27E-04
1562.13	1500	14240.74	7.47E-03	1.26E-04
1563.13	1500	14249.03	7.48E-03	1.22E-04
1564.13	1500	14252.67	7.48E-03	1.19E-04
1565.13	1500	14263.71	7.49E-03	1.16E-04
1566.13	1500	14264	7.49E-03	1.12E-04
1567.13	1500	14263.44	7.49E-03	1.10E-04
1568.13	1500	14275.42	7.50E-03	1.07E-04
1569.13	1500	14274.87	7.50E-03	1.04E-04
1570.13	1500	14276.08	7.50E-03	1.02E-04
1571.13	1500	14304.89	7.51E-03	9.69E-05
1572.13	1500	14316.76	7.51E-03	9.25E-05
1573.13	1500	14303.02	7.51E-03	9.13E-05
1574.13	1500	14305.72	7.52E-03	8.84E-05
1575.13	1500	14305.99	7.52E-03	8.63E-05
1576.13	1500	14310.11	7.53E-03	8.29E-05
1577.13	1500	14315.85	7.53E-03	8.04E-05
1578.13	1500	14336	7.54E-03	7.62E-05
1579.13	1500	14324.4	7.54E-03	7.40E-05
1580.13	1500	14340.4	7.54E-03	6.99E-05
1581.13	1500	14370.77	7.55E-03	6.37E-05
1582.13	1500	14350.75	7.55E-03	6.36E-05
1583.13	1500	14370.86	7.56E-03	5.89E-05
1584.13	1500	14371.89	7.56E-03	5.62E-05
1585.13	1500	14374.14	7.56E-03	5.36E-05
1586.13	1500	14387.09	7.57E-03	4.94E-05
1587.13	1500	14389.76	7.57E-03	4.72E-05
1588.13	1500	14395.72	7.58E-03	4.41E-05
1589.13	1500	14408.17	7.58E-03	4.03E-05
1590.13	1500	14406.49	7.58E-03	3.69E-05
1591.13	1500	14419.02	7.59E-03	3.34E-05
1592.13	1500	14427.16	7.59E-03	2.95E-05
1593.13	1500	14417.64	7.59E-03	2.83E-05
1594.13	1500	14435.27	7.60E-03	2.38E-05
1595.13	1500	14434.87	7.60E-03	2.15E-05
1596.13	1500	14452.77	7.61E-03	1.65E-05
1597.13	1500	14476.65	7.61E-03	1.14E-05
1598.13	1500	14475.6	7.62E-03	9.38E-06
1599.13	1500	14482.71	7.62E-03	5.46E-06
1600.13	1500	14484.16	7.63E-03	2.26E-06
1601.13	1500	14476.07	7.63E-03	5.44E-07
1602.13	1500	14490.18	7.63E-03	-2.75E-06
1603.13	1500	14500.79	7.64E-03	-6.78E-06
1604.13	1500	14489.57	7.64E-03	-8.23E-06
1605.13	1500	14515.43	7.64E-03	-1.39E-05
1606.13	1500	14503.51	7.65E-03	-1.46E-05
1607.13	1500	14521.09	7.65E-03	-1.93E-05
1608.13	1500	14532.94	7.66E-03	-2.34E-05
1609.13	1500	14526.87	7.66E-03	-2.62E-05
1610.13	1500	14532.43	7.67E-03	-3.03E-05
1611.13	1500	14551.04	7.67E-03	-3.41E-05
1612.13	1500	14557.94	7.68E-03	-3.75E-05
1613.13	1500	14559	7.67E-03	-4.05E-05
1614.13	1500	14559.55	7.68E-03	-4.29E-05
1615.13	1500	14567.62	7.68E-03	-4.68E-05
1616.13	1500	14557.72	7.69E-03	-4.84E-05
1617.13	1500	14573.04	7.69E-03	-5.30E-05
1618.13	1500	14590.67	7.70E-03	-5.70E-05
1619.13	1500	14585.61	7.70E-03	-5.99E-05
1620.13	1500	14590.81	7.70E-03	-6.29E-05
1621.13	1500	14609.01	7.71E-03	-6.79E-05
1622.13	1500	14623.15	7.71E-03	-7.19E-05
1623.13	1500	14617.79	7.72E-03	-7.37E-05
1624.13	1500	14621.9	7.72E-03	-7.66E-05
1625.13	1500	14630.86	7.72E-03	-8.01E-05
1626.13	1500	14647.21	7.73E-03	-8.50E-05
1627.13	1500	14641.7	7.73E-03	-8.69E-05
1628.13	1500	14639.49	7.74E-03	-8.92E-05
1629.13	1500	14652.51	7.74E-03	-9.35E-05
1630.13	1500	14671.22	7.74E-03	-9.84E-05
1631.13	1500	14664.95	7.75E-03	-1.00E-04
1632.13	1500	14674.39	7.75E-03	-1.04E-04
1633.13	1500	14678.66	7.76E-03	-1.07E-04
1634.13	1500	14673.84	7.76E-03	-1.09E-04
1635.13	1500	14690.18	7.76E-03	-1.14E-04
1636.13	1500	14694.72	7.77E-03	-1.17E-04
1637.13	1500	14690.85	7.77E-03	-1.19E-04
1638.13	1500	14704.83	7.78E-03	-1.23E-04
1639.13	1500	14715.49	7.78E-03	-1.28E-04
1640.13	1500	14714.29	7.79E-03	-1.31E-04
1641.13	1500	14733.7	7.79E-03	-1.35E-04
1642.13	1500	14715.95	7.79E-03	-1.37E-04
1643.13	1500	14726.15	7.80E-03	-1.40E-04
1644.13	1500	14722.64	7.80E-03	-1.43E-04
1645.13	1500	14749.8	7.80E-03	-1.49E-04
1646.13	1500	14767.56	7.81E-03	-1.54E-04
1647.13	1500	14756.61	7.81E-03	-1.55E-04
1648.13	1500	14767.5	7.82E-03	-1.59E-04
1649.13	1500	14761.09	7.82E-03	-1.62E-04
1650.13	1500	14770.91	7.83E-03	-1.66E-04
1651.13	1500	14800.95	7.83E-03	-1.72E-04
1652.13	1500	14778.32	7.83E-03	-1.72E-04
1653.13	1500	14789.52	7.84E-03	-1.77E-04
1654.13	1500	14795.11	7.84E-03	-1.80E-04
1655.13	1500	14807.37	7.84E-03	-1.84E-04
1656.13	1500	14792.04	7.85E-03	-1.85E-04
1657.13	1500	14815.59	7.85E-03	-1.90E-04
1658.13	1500	14837.02	7.86E-03	-1.95E-04
1659.13	1500	14824.49	7.86E-03	-1.97E-04
1660.13	1500	14840.5	7.87E-03	-2.02E-04
1661.13	1500	14833	7.87E-03	-2.04E-04
1662.13	1500	14831.09	7.87E-03	-2.06E-04
1663.13	1500	14841.59	7.88E-03	-2.11E-04
1664.13	1500	14857.07	7.88E-03	-2.14E-04
1665.13	1500	14850.59	7.88E-03	-2.18E-04
1666.13	1500	14868.79	7.89E-03	-2.22E-04
1667.13	1500	14868.68	7.89E-03	-2.26E-04
1668.13	1500	14873.72	7.90E-03	-2.28E-04
1669.13	1500	14884.78	7.90E-03	-2.33E-04
1670.13	1500	14880.3	7.91E-03	-2.36E-04
1671.13	1500	14889.65	7.91E-03	-2.39E-04
1672.13	1500	14896.06	7.91E-03	-2.43E-04
1673.13	1500	14894.76	7.91E-03	-2.46E-04
1674.13	1500	14909.5	7.92E-03	-2.51E-04
1675.13	1500	14918.66	7.92E-03	-2.54E-04
1676.13	1500	14913.32	7.93E-03	-2.57E-04
1677.13	1500	14923.51	7.93E-03	-2.61E-04
1678.13	1500	14949.43	7.94E-03	-2.67E-04
1679.13	1500	14940.05	7.94E-03	-2.69E-04
1680.13	1500	14937.69	7.94E-03	-2.72E-04
1681.13	1500	14945.01	7.95E-03	-2.76E-04
1682.13	1500	14953.63	7.95E-03	-2.80E-04
1683.13	1500	14965.19	7.96E-03	-2.84E-04
1684.13	1500	14959.34	7.96E-03	-2.87E-04
1685.13	1500	14981.14	7.96E-03	-2.92E-04
1686.13	1500	14969.59	7.97E-03	-2.94E-04
1687.13	1500	14974.46	7.97E-03	-2.98E-04
1688.13	1500	14992.54	7.98E-03	-3.03E-04
1689.13	1500	14981.12	7.98E-03	-3.04E-04
1690.13	1500	14991.67	7.98E-03	-3.09E-04
1691.13	1500	15005.65	7.99E-03	-3.14E-04
1692.13	1500	15023.19	8.00E-03	-3.19E-04
1693.13	1500	15004.52	7.99E-03	-3.20E-04
1694.13	1500	15007.78	8.00E-03	-3.24E-04
1695.13	1500	15007.21	8.00E-03	-3.28E-04
1696.13	1500	15022.63	8.01E-03	-3.33E-04
1697.13	1500	15025.73	8.01E-03	-3.36E-04
1698.13	1500	15036.77	8.02E-03	-3.41E-04
1699.13	1500	15061.24	8.02E-03	-3.46E-04
1700.13	1500	15045.13	8.02E-03	-3.48E-04
1701.13	1500	15063.03	8.03E-03	-3.53E-04
1702.13	1500	15072.28	8.03E-03	-3.57E-04
1703.13	1500	15071.52	8.04E-03	-3.61E-04
1704.13	1500	15069.5	8.04E-03	-3.65E-04
1705.13	1500	15081.26	8.04E-03	-3.70E-04
1706.13	1500	15082.81	8.05E-03	-3.72E-04
1707.13	1500	15098.33	8.05E-03	-3.78E-04
1708.13	1500	15095.58	8.06E-03	-3.80E-04
1709.13	1500	15096.09	8.06E-03	-3.84E-04
1710.13	1500	15109.44	8.07E-03	-3.88E-04
1711.13	1500	15105.86	8.07E-03	-3.91E-04
1712.13	1500	15118.64	8.07E-03	-3.96E-04
1713.13	1500	15118.9	8.08E-03	-3.99E-04
1714.13	1500	15135.46	8.08E-03	-4.04E-04
1715.13	1500	15131.69	8.08E-03	-4.06E-04
1716.13	1500	15140.49	8.09E-03	-4.11E-04
1717.13	1500	15142.67	8.09E-03	-4.15E-04
1718.13	1500	15159.08	8.09E-03	-4.20E-04
1719.13	1500	15156.06	8.10E-03	-4.23E-04
1720.13	1500	15149.2	8.10E-03	-4.25E-04
1721.13	1500	15154	8.11E-03	-4.29E-04
1722.13	1500	15172.99	8.11E-03	-4.35E-04
1723.13	1500	15171.46	8.11E-03	-4.38E-04
1724.13	1500	15184.22	8.12E-03	-4.43E-04
1725.13	1500	15189.02	8.12E-03	-4.46E-04
1726.13	1500	15192.03	8.13E-03	-4.51E-04
1727.13	1500	15186.39	8.13E-03	-4.52E-04
1728.13	1500	15213.36	8.14E-03	-4.59E-04
1729.13	1500	15200.03	8.14E-03	-4.61E-04
1730.13	1500	15220.4	8.14E-03	-4.68E-04
1731.13	1500	15222.63	8.15E-03	-4.70E-04
1732.13	1500	15223.84	8.15E-03	-4.74E-04
1733.13	1500	15230.54	8.15E-03	-4.79E-04
1734.13	1500	15243.43	8.16E-03	-4.84E-04
1735.13	1500	15231.65	8.16E-03	-4.86E-04
1736.13	1500	15249.9	8.17E-03	-4.92E-04
1737.13	1500	15252.8	8.17E-03	-4.95E-04
1738.13	1500	15274.33	8.18E-03	-5.01E-04
1739.13	1500	15247.18	8.18E-03	-5.01E-04
1740.13	1500	15271.06	8.18E-03	-5.08E-04
1741.13	1500	15263.68	8.19E-03	-5.11E-04
1742.13	1500	15270.37	8.19E-03	-5.16E-04
1743.13	1500	15290.8	8.20E-03	-5.20E-04
1744.13	1500	15283.94	8.20E-03	-5.24E-04
1745.13	1500	15294.97	8.21E-03	-5.29E-04
1746.13	1500	15301.86	8.21E-03	-5.33E-04
1747.13	1500	15297.63	8.21E-03	-5.36E-04
1748.13	1500	15314.21	8.22E-03	-5.42E-04
1749.13	1500	15320.57	8.22E-03	-5.46E-04
1750.13	1500	15323.21	8.22E-03	-5.49E-04
1751.13	1500	15331.25	8.23E-03	-5.55E-04
1752.13	1500	15324.11	8.23E-03	-5.58E-04
1753.13	1500	15328.06	8.23E-03	-5.62E-04
1754.13	1500	15363.23	8.24E-03	-5.69E-04
1755.13	1500	15349.96	8.24E-03	-5.72E-04
1756.13	1500	15356.83	8.25E-03	-5.76E-04
1757.13	1500	15345.57	8.25E-03	-5.78E-04
1758.13	1500	15356.78	8.26E-03	-5.83E-04
1759.13	1500	15374.7	8.26E-03	-5.89E-04
1760.13	1500	15364.29	8.26E-03	-5.91E-04
1761.13	1500	15373.01	8.27E-03	-5.96E-04
1762.13	1500	15371.43	8.27E-03	-5.99E-04
1763.13	1500	15383.22	8.28E-03	-6.04E-04
1764.13	1500	15399.8	8.28E-03	-6.10E-04
1765.13	1500	15385.77	8.28E-03	-6.13E-04
1766.13	1500	15416.58	8.29E-03	-6.19E-04
1767.13	1500	15410.85	8.29E-03	-6.22E-04
1768.13	1500	15399.29	8.30E-03	-6.25E-04
1769.13	1500	15418.66	8.30E-03	-6.31E-04
1770.13	1500	15416.19	8.30E-03	-6.34E-04
1771.13	1500	15417.63	8.31E-03	-6.39E-04
1772.13	1500	15438.21	8.31E-03	-6.45E-04
1773.13	1500	15440.64	8.32E-03	-6.48E-04
1774.13	1500	15431.87	8.32E-03	-6.52E-04
1775.13	1500	15431.65	8.32E-03	-6.56E-04
1776.13	1500	15456.44	8.33E-03	-6.62E-04
1777.13	1500	15445.81	8.33E-03	-6.65E-04
1778.13	1500	15457.64	8.34E-03	-6.70E-04
1779.13	1500	15469.23	8.34E-03	-6.75E-04
1780.13	1500	15451.88	8.34E-03	-6.76E-04
1781.13	1500	15477.35	8.35E-03	-6.84E-04
1782.13	1500	15450.59	8.35E-03	-6.83E-04
1783.13	1500	15485.03	8.36E-03	-6.92E-04
1784.13	1500	15477.71	8.36E-03	-6.95E-04
1785.13	1500	15479.91	8.36E-03	-6.99E-04
1786.13	1500	15489.06	8.37E-03	-7.04E-04
1787.13	1500	15516.41	8.38E-03	-7.11E-04
1788.13	1500	15510.02	8.38E-03	-7.14E-04
1789.13	1500	15516.24	8.38E-03	-7.19E-04
1790.13	1500	15534.4	8.38E-03	-7.25E-04
1791.13	1500	15510.27	8.39E-03	-7.27E-04
1792.13	1500	15516.76	8.39E-03	-7.31E-04
1793.13	1500	15535.72	8.39E-03	-7.37E-04
1794.13	1500	15541.53	8.40E-03	-7.42E-04
1795.13	1500	15526.01	8.40E-03	-7.45E-04
1796.13	1500	15548.43	8.41E-03	-7.50E-04
1797.13	1500	15541.83	8.41E-03	-7.53E-04
1798.13	1500	15563.71	8.42E-03	-7.61E-04
1799.13	1500	15571.03	8.42E-03	-7.65E-04
1800.13	1500	15567.85	8.42E-03	-7.69E-04
1801.13	1500	15566.15	8.43E-03	-7.73E-04
1802.13	1500	15582.92	8.43E-03	-7.79E-04
1803.13	1500	15575.42	8.44E-03	-7.83E-04
1804.13	1500	15571.63	8.44E-03	-7.85E-04
1805.13	1500	15577.9	8.44E-03	-7.90E-04
1806.13	1500	15594.59	8.45E-03	-7.96E-04
1807.13	1500	15597.7	8.45E-03	-8.01E-04
1808.13	1500	15589.66	8.46E-03	-8.05E-04
1809.13	1500	15597.74	8.46E-03	-8.10E-04
1810.13	1500	15609.62	8.46E-03	-8.15E-04
1811.13	1500	15623.04	8.47E-03	-8.21E-04
1812.13	1500	15618.43	8.47E-03	-8.25E-04
1813.13	1500	15647.1	8.48E-03	-8.32E-04
1814.13	1500	15631.92	8.48E-03	-8.34E-04
1815.13	1500	15635.9	8.49E-03	-8.39E-04
1816.13	1500	15630.12	8.49E-03	-8.42E-04
1817.13	1500	15636.9	8.49E-03	-8.48E-04
1818.13	1500	15666.9	8.50E-03	-8.55E-04
1819.13	1500	15644.75	8.50E-03	-8.57E-04
1820.13	1500	15645.37	8.50E-03	-8.60E-04
1821.13	1500	15676.74	8.51E-03	-8.68E-04
1822.13	1500	15678.12	8.51E-03	-8.73E-04
1823.13	1500	15655.83	8.51E-03	-8.75E-04
1824.13	1500	15673.26	8.52E-03	-8.80E-04
1825.13	1500	15687.57	8.52E-03	-8.86E-04
1826.13	1500	15682.56	8.53E-03	-8.90E-04
1827.13	1500	15686.42	8.53E-03	-8.95E-04
1828.13	1500	15694.28	8.53E-03	-9.00E-04
1829.13	1500	15702.87	8.54E-03	-9.05E-04
1830.13	1500	15714.2	8.55E-03	-9.11E-04
1831.13	1500	15711.16	8.55E-03	-9.14E-04
1832.13	1500	15695.1	8.55E-03	-9.17E-04
1833.13	1500	15712.87	8.56E-03	-9.24E-04
1834.13	1500	15714.6	8.56E-03	-9.28E-04
1835.13	1500	15742.87	8.57E-03	-9.36E-04
1836.13	1500	15742.41	8.57E-03	-9.40E-04
1837.13	1500	15737.45	8.57E-03	-9.44E-04
1838.13	1500	15728.22	8.58E-03	-9.47E-04
1839.13	1500	15757.93	8.58E-03	-9.55E-04
1840.13	1500	15745.24	8.58E-03	-9.58E-04
1841.13	1500	15750.05	8.59E-03	-9.63E-04
1842.13	1500	15746.88	8.59E-03	-9.67E-04
1843.13	1500	15756.09	8.59E-03	-9.72E-04
1844.13	1500	15763.71	8.60E-03	-9.77E-04
1845.13	1500	15793.76	8.61E-03	-9.85E-04
1846.13	1500	15777.21	8.61E-03	-9.88E-04
1847.13	1500	15777.14	8.61E-03	-9.92E-04
1848.13	1500	15792.29	8.62E-03	-9.98E-04
1849.13	1500	15774.91	8.62E-03	-1.00E-03
1850.13	1500	15801.49	8.63E-03	-1.01E-03
1851.13	1500	15792.93	8.63E-03	-1.01E-03
1852.13	1500	15801.9	8.63E-03	-1.02E-03
1853.13	1500	15807.39	8.64E-03	-1.02E-03
1854.13	1500	15808.48	8.64E-03	-1.03E-03
1855.13	1500	15806.78	8.64E-03	-1.03E-03
1856.13	1500	15817.25	8.65E-03	-1.04E-03
1857.13	1500	15819.24	8.65E-03	-1.04E-03
1858.13	1500	15821.61	8.66E-03	-1.05E-03
1859.13	1500	15826.77	8.66E-03	-1.05E-03
1860.13	1500	15821.99	8.66E-03	-1.06E-03
1861.13	1500	15844.55	8.67E-03	-1.06E-03
1862.13	1500	15830.83	8.67E-03	-1.07E-03
1863.13	1500	15838.21	8.67E-03	-1.07E-03
1864.13	1500	15851.85	8.68E-03	-1.08E-03
1865.13	1500	15857	8.68E-03	-1.08E-03
1866.13	1500	15868.35	8.69E-03	-1.09E-03
1867.13	1500	15868.95	8.69E-03	-1.09E-03
1868.13	1500	15874.35	8.70E-03	-1.10E-03
1869.13	1500	15867.36	8.70E-03	-1.10E-03
1870.13	1500	15875.69	8.70E-03	-1.11E-03
1871.13	1500	15877.23	8.71E-03	-1.11E-03
1872.13	1500	15881.72	8.71E-03	-1.12E-03
1873.13	1500	15885.9	8.72E-03	-1.12E-03
1874.13	1500	15889.38	8.72E-03	-1.13E-03
1875.13	1500	15893.22	8.72E-03	-1.13E-03
1876.13	1500	15896.22	8.73E-03	-1.14E-03
1877.13	1500	15898.59	8.73E-03	-1.14E-03
1878.13	1500	15915.82	8.73E-03	-1.15E-03
1879.13	1500	15910.28	8.74E-03	-1.16E-03
1880.13	1500	15911.77	8.74E-03	-1.16E-03
1881.13	1500	15918.71	8.75E-03	-1.17E-03
1882.13	1500	15936.99	8.75E-03	-1.17E-03
1883.13	1500	15937.36	8.76E-03	-1.18E-03
1884.13	1500	15938.08	8.76E-03	-1.18E-03
1885.13	1500	15934.05	8.76E-03	-1.19E-03
1886.13	1500	15935.43	8.77E-03	-1.19E-03
1887.13	1500	15940.32	8.77E-03	-1.20E-03
1888.13	1500	15941.99	8.77E-03	-1.20E-03
1889.13	1500	15957.49	8.78E-03	-1.21E-03
1890.13	1500	15946.75	8.78E-03	-1.21E-03
1891.13	1500	15954.26	8.79E-03	-1.22E-03
1892.13	1500	15961.79	8.79E-03	-1.22E-03
1893.13	1500	15966.41	8.80E-03	-1.23E-03
1894.13	1500	15986.45	8.80E-03	-1.24E-03
1895.13	1500	15967.86	8.80E-03	-1.24E-03
1896.13	1500	15973.02	8.81E-03	-1.24E-03
1897.13	1500	15982.41	8.81E-03	-1.25E-03
1898.13	1500	15997.64	8.82E-03	-1.26E-03
1899.13	1500	16007.87	8.82E-03	-1.26E-03
1900.13	1500	16006.37	8.82E-03	-1.27E-03
1901.13	1500	15984.87	8.83E-03	-1.27E-03
1902.13	1500	16013.85	8.83E-03	-1.28E-03
1903.13	1500	16013.26	8.84E-03	-1.28E-03
1904.13	1500	16033.24	8.84E-03	-1.29E-03
1905.13	1500	16034.36	8.84E-03	-1.30E-03
1906.13	1500	16016.45	8.85E-03	-1.30E-03
1907.13	1500	16018.99	8.85E-03	-1.31E-03
1908.13	1500	16028.75	8.86E-03	-1.31E-03
1909.13	1500	16022.43	8.86E-03	-1.32E-03
1910.13	1500	16045.41	8.87E-03	-1.32E-03
1911.13	1500	16028.02	8.87E-03	-1.33E-03
1912.13	1500	16029.29	8.87E-03	-1.33E-03
1913.13	1500	16061.21	8.88E-03	-1.34E-03
1914.13	1500	16051.15	8.88E-03	-1.35E-03
1915.13	1500	16061.98	8.88E-03	-1.35E-03
1916.13	1500	16069.48	8.89E-03	-1.36E-03
1917.13	1500	16059.34	8.89E-03	-1.36E-03
1918.13	1500	16085.8	8.90E-03	-1.37E-03
1919.13	1500	16074.99	8.90E-03	-1.37E-03
1920.13	1500	16071.16	8.90E-03	-1.38E-03
1921.13	1500	16080.36	8.91E-03	-1.39E-03
1922.13	1500	16068.95	8.91E-03	-1.39E-03
1923.13	1500	16087.16	8.92E-03	-1.40E-03
1924.13	1500	16101.69	8.92E-03	-1.40E-03
1925.13	1500	16069.72	8.92E-03	-1.40E-03
1926.13	1500	16080.85	8.93E-03	-1.41E-03
1927.13	1500	16098.02	8.93E-03	-1.42E-03
1928.13	1500	16097.37	8.93E-03	-1.42E-03
1929.13	1500	16105.22	8.94E-03	-1.43E-03
1930.13	1500	16109.45	8.95E-03	-1.43E-03
1931.13	1500	16113.98	8.95E-03	-1.44E-03
1932.13	1500	16104.18	8.95E-03	-1.44E-03
1933.13	1500	16121.7	8.96E-03	-1.45E-03
1934.13	1500	16141.51	8.96E-03	-1.46E-03
1935.13	1500	16126.74	8.97E-03	-1.46E-03
1936.13	1500	16126.63	8.97E-03	-1.47E-03
1937.13	1500	16131.12	8.97E-03	-1.47E-03
1938.13	1500	16139.24	8.98E-03	-1.48E-03
1939.13	1500	16145.61	8.98E-03	-1.48E-03
1940.13	1500	16142.86	8.98E-03	-1.49E-03
1941.13	1500	16170.4	8.99E-03	-1.50E-03
1942.13	1500	16134.93	8.99E-03	-1.50E-03
1943.13	1500	16167.73	9.00E-03	-1.51E-03
1944.13	1500	16150.44	9.00E-03	-1.51E-03
1945.13	1500	16151.36	9.01E-03	-1.52E-03
1946.13	1500	16182.85	9.01E-03	-1.53E-03
1947.13	1500	16165.44	9.01E-03	-1.53E-03
1948.13	1500	16172.24	9.02E-03	-1.54E-03
1949.13	1500	16181.71	9.02E-03	-1.54E-03
1950.13	1500	16165.1	9.02E-03	-1.54E-03
1951.13	1500	16195.7	9.03E-03	-1.55E-03
1952.13	1500	16182.92	9.04E-03	-1.56E-03
1953.13	1500	16187.85	9.04E-03	-1.56E-03
1954.13	1500	16189.75	9.04E-03	-1.57E-03
1955.13	1500	16193.14	9.04E-03	-1.58E-03
1956.13	1500	16193.4	9.04E-03	-1.58E-03
1957.13	1500	16196.84	9.05E-03	-1.59E-03
1958.13	1500	16213.78	9.06E-03	-1.59E-03
1959.13	1500	16208.37	9.06E-03	-1.60E-03
1960.13	1500	16219.39	9.07E-03	-1.61E-03
1961.13	1500	16208.6	9.07E-03	-1.61E-03
1962.13	1500	16233.79	9.07E-03	-1.62E-03
1963.13	1500	16217.75	9.07E-03	-1.62E-03
1964.13	1500	16215.16	9.08E-03	-1.63E-03
1965.13	1500	16229.22	9.08E-03	-1.63E-03
1966.13	1500	16246.62	9.09E-03	-1.64E-03
1967.13	1500	16221.94	9.09E-03	-1.65E-03
1968.13	1500	16224.97	9.09E-03	-1.65E-03
1969.13	1500	16234.52	9.10E-03	-1.66E-03
1970.13	1500	16243.73	9.10E-03	-1.66E-03
1971.13	1500	16242.83	9.11E-03	-1.67E-03
1972.13	1500	16254.81	9.11E-03	-1.68E-03
1973.13	1500	16266.24	9.12E-03	-1.68E-03
1974.13	1500	16254.53	9.12E-03	-1.69E-03
1975.13	1500	16290.75	9.12E-03	-1.70E-03
1976.13	1500	16261.91	9.13E-03	-1.70E-03
1977.13	1500	16272.19	9.13E-03	-1.71E-03
1978.13	1500	16273.46	9.13E-03	-1.71E-03
1979.13	1500	16269.73	9.14E-03	-1.72E-03
1980.13	1500	16267.09	9.14E-03	-1.72E-03
1981.13	1500	16299.5	9.15E-03	-1.73E-03
1982.13	1500	16290.02	9.15E-03	-1.74E-03
1983.13	1500	16286.39	9.15E-03	-1.74E-03
1984.13	1500	16291.01	9.16E-03	-1.75E-03
1985.13	1500	16288.47	9.16E-03	-1.75E-03
1986.13	1500	16299.78	9.17E-03	-1.76E-03
1987.13	1500	16297.39	9.17E-03	-1.77E-03
1988.13	1500	16325.45	9.18E-03	-1.78E-03
1989.13	1500	16320.77	9.18E-03	-1.78E-03
1990.13	1500	16330.43	9.18E-03	-1.79E-03
1991.13	1500	16317.04	9.19E-03	-1.79E-03
1992.13	1500	16315.91	9.19E-03	-1.80E-03
1993.13	1500	16308.93	9.20E-03	-1.80E-03
1994.13	1500	16333.98	9.20E-03	-1.81E-03
1995.13	1500	16309.25	9.20E-03	-1.81E-03
1996.13	1500	16334	9.21E-03	-1.82E-03
1997.13	1500	16337.09	9.21E-03	-1.83E-03
1998.13	1500	16342.99	9.22E-03	-1.84E-03
1999.13	1500	16356.98	9.22E-03	-1.84E-03
2000.13	1500	16348.28	9.22E-03	-1.85E-03
2001.13	1500	16322.48	9.22E-03	-1.85E-03
2002.13	1500	16343.3	9.23E-03	-1.86E-03
2003.13	1500	16340.59	9.23E-03	-1.86E-03
2004.13	1500	16343.2	9.24E-03	-1.87E-03
2005.13	1500	16353.92	9.24E-03	-1.88E-03
2006.13	1500	16361.58	9.25E-03	-1.88E-03
2007.13	1500	16374.73	9.25E-03	-1.89E-03
2008.13	1500	16369.88	9.26E-03	-1.90E-03
2009.13	1500	16359.25	9.26E-03	-1.90E-03
2010.13	1500	16372.13	9.26E-03	-1.91E-03
2011.13	1500	16374.67	9.27E-03	-1.92E-03
2012.13	1500	16383.37	9.27E-03	-1.92E-03
2013.13	1500	16370.07	9.27E-03	-1.93E-03
2014.13	1500	16369.27	9.28E-03	-1.93E-03
2015.13	1500	16399.94	9.28E-03	-1.94E-03
2016.13	1500	16374.91	9.29E-03	-1.95E-03
2017.13	1500	16406.99	9.29E-03	-1.96E-03
2018.13	1500	16403.83	9.29E-03	-1.96E-03
2019.13	1500	16410.32	9.30E-03	-1.97E-03
2020.13	1500	16385.75	9.31E-03	-1.97E-03
2021.13	1500	16414.77	9.31E-03	-1.98E-03
2022.13	1500	16410.15	9.31E-03	-1.99E-03
2023.13	1500	16409.76	9.32E-03	-1.99E-03
2024.13	1500	16404.05	9.32E-03	-2.00E-03
2025.13	1500	16420.26	9.32E-03	-2.01E-03
2026.13	1500	16405.59	9.33E-03	-2.01E-03
2027.13	1500	16430.81	9.33E-03	-2.02E-03
2028.13	1500	16426.11	9.34E-03	-2.03E-03
2029.13	1500	16430.92	9.34E-03	-2.03E-03
2030.13	1500	16430.69	9.35E-03	-2.04E-03
2031.13	1500	16418.14	9.35E-03	-2.04E-03
2032.13	1500	16434.5	9.35E-03	-2.05E-03
2033.13	1500	16439.48	9.36E-03	-2.06E-03
2034.13	1500	16430.93	9.36E-03	-2.07E-03
2035.13	1500	16439.14	9.36E-03	-2.07E-03
2036.13	1500	16459.38	9.37E-03	-2.08E-03
2037.13	1500	16471.27	9.37E-03	-2.09E-03
2038.13	1500	16441.56	9.38E-03	-2.09E-03
2039.13	1500	16448.26	9.38E-03	-2.10E-03
2040.13	1500	16455.03	9.38E-03	-2.10E-03
2041.13	1500	16477.09	9.39E-03	-2.11E-03
2042.13	1500	16447.42	9.39E-03	-2.12E-03
2043.13	1500	16461.27	9.40E-03	-2.12E-03
2044.13	1500	16462.92	9.40E-03	-2.13E-03
2045.13	1500	16459.17	9.40E-03	-2.14E-03
2046.13	1500	16473.78	9.41E-03	-2.15E-03
2047.13	1500	16482.65	9.41E-03	-2.15E-03
2048.13	1500	16491.78	9.41E-03	-2.16E-03
2049.13	1500	16492.22	9.42E-03	-2.17E-03
2050.13	1500	16475.06	9.42E-03	-2.17E-03
2051.13	1500	16479.03	9.43E-03	-2.18E-03
2052.13	1500	16501.79	9.43E-03	-2.19E-03
2053.13	1500	16502.94	9.44E-03	-2.19E-03
2054.13	1500	16490.23	9.44E-03	-2.20E-03
2055.13	1500	16475.16	9.44E-03	-2.20E-03
2056.13	1500	16493.1	9.45E-03	-2.21E-03
2057.13	1500	16508.4	9.45E-03	-2.22E-03
2058.13	1500	16490.7	9.45E-03	-2.22E-03
2059.13	1500	16510.68	9.46E-03	-2.23E-03
2060.13	1500	16519.49	9.47E-03	-2.24E-03
2061.13	1500	16495.86	9.47E-03	-2.25E-03
2062.13	1500	16509.56	9.47E-03	-2.25E-03
2063.13	1500	16510.47	9.47E-03	-2.26E-03
2064.13	1500	16503.47	9.48E-03	-2.27E-03
2065.13	1500	16538.04	9.49E-03	-2.28E-03
2066.13	1500	16526.33	9.49E-03	-2.28E-03
2067.13	1500	16538.54	9.49E-03	-2.29E-03
2068.13	1500	16542.26	9.50E-03	-2.30E-03
2069.13	1500	16524.25	9.50E-03	-2.30E-03
2070.13	1500	16547.54	9.50E-03	-2.31E-03
2071.13	1500	16534.12	9.51E-03	-2.32E-03
2072.13	1500	16529.46	9.51E-03	-2.32E-03
2073.13	1500	16534	9.51E-03	-2.33E-03
2074.13	1500	16536.31	9.52E-03	-2.34E-03
2075.13	1500	16557.13	9.52E-03	-2.34E-03
2076.13	1500	16533.15	9.53E-03	-2.35E-03
2077.13	1500	16554.19	9.53E-03	-2.36E-03
2078.13	1500	16546.08	9.54E-03	-2.36E-03
2079.13	1500	16550.85	9.54E-03	-2.37E-03
2080.13	1500	16566.11	9.54E-03	-2.38E-03
2081.13	1500	16548.46	9.55E-03	-2.38E-03
2082.13	1500	16567.54	9.55E-03	-2.39E-03
2083.13	1500	16571.83	9.56E-03	-2.40E-03
2084.13	1500	16556.27	9.56E-03	-2.41E-03
2085.13	1500	16568.13	9.57E-03	-2.41E-03
2086.13	1500	16561.24	9.56E-03	-2.42E-03
2087.13	1500	16568.42	9.57E-03	-2.43E-03
2088.13	1500	16562.65	9.57E-03	-2.43E-03
2089.13	1500	16592.61	9.58E-03	-2.45E-03
2090.13	1500	16575.98	9.58E-03	-2.45E-03
2091.13	1500	16601.64	9.59E-03	-2.46E-03
2092.13	1500	16569.13	9.59E-03	-2.46E-03
2093.13	1500	16597	9.60E-03	-2.47E-03
2094.13	1500	16587.78	9.60E-03	-2.48E-03
2095.13	1500	16580.52	9.61E-03	-2.49E-03
2096.13	1500	16579.54	9.61E-03	-2.49E-03
2097.13	1500	16594.25	9.61E-03	-2.50E-03
2098.13	1500	16593.37	9.62E-03	-2.51E-03
2099.13	1500	16598.24	9.62E-03	-2.52E-03
2100.13	1500	16617.51	9.63E-03	-2.53E-03
2101.13	1500	16604.93	9.63E-03	-2.53E-03
2102.13	1500	16601.73	9.63E-03	-2.54E-03
2103.13	1500	16609.15	9.64E-03	-2.54E-03
2104.13	1500	16617.9	9.64E-03	-2.55E-03
2105.13	1500	16612.79	9.65E-03	-2.56E-03
2106.13	1500	16615.64	9.65E-03	-2.57E-03
2107.13	1500	16622.4	9.65E-03	-2.57E-03
2108.13	1500	16596.66	9.66E-03	-2.58E-03
2109.13	1500	16601.07	9.66E-03	-2.58E-03
2110.13	1500	16609.89	9.67E-03	-2.59E-03
2111.13	1500	16633.95	9.67E-03	-2.60E-03
2112.13	1500	16616.37	9.67E-03	-2.61E-03
2113.13	1500	16619.07	9.67E-03	-2.61E-03
2114.13	1500	16625.99	9.68E-03	-2.62E-03
2115.13	1500	16621.82	9.68E-03	-2.63E-03
2116.13	1500	16645.91	9.69E-03	-2.64E-03
2117.13	1500	16645.3	9.69E-03	-2.65E-03
2118.13	1500	16640.14	9.69E-03	-2.65E-03
2119.13	1500	16641.73	9.70E-03	-2.66E-03
2120.13	1500	16637.1	9.70E-03	-2.67E-03
2121.13	1500	16639.03	9.71E-03	-2.68E-03
2122.13	1500	16639.01	9.71E-03	-2.68E-03
2123.13	1500	16657.21	9.72E-03	-2.69E-03
2124.13	1500	16657.12	9.72E-03	-2.70E-03
2125.13	1500	16658.85	9.72E-03	-2.71E-03
2126.13	1500	16645.35	9.73E-03	-2.71E-03
2127.13	1500	16652.89	9.73E-03	-2.72E-03
2128.13	1500	16681.41	9.73E-03	-2.73E-03
2129.13	1500	16665.89	9.74E-03	-2.74E-03
2130.13	1500	16679.5	9.74E-03	-2.75E-03
2131.13	1500	16645.01	9.75E-03	-2.75E-03
2132.13	1500	16665.75	9.75E-03	-2.76E-03
2133.13	1500	16684.93	9.76E-03	-2.77E-03
2134.13	1500	16657.82	9.76E-03	-2.77E-03
2135.13	1500	16664.84	9.76E-03	-2.78E-03
2136.13	1500	16667.98	9.77E-03	-2.79E-03
2137.13	1500	16699.68	9.77E-03	-2.80E-03
2138.13	1500	16676.17	9.78E-03	-2.81E-03
2139.13	1500	16680.46	9.78E-03	-2.81E-03
2140.13	1500	16684.9	9.79E-03	-2.82E-03
2141.13	1500	16674.56	9.79E-03	-2.83E-03
2142.13	1500	16693.56	9.79E-03	-2.84E-03
2143.13	1500	16691.22	9.80E-03	-2.84E-03
2144.13	1500	16680.65	9.80E-03	-2.85E-03
2145.13	1500	16694.54	9.81E-03	-2.86E-03
2146.13	1500	16692.22	9.81E-03	-2.87E-03
2147.13	1500	16687.79	9.82E-03	-2.87E-03
2148.13	1500	16692.58	9.81E-03	-2.88E-03
2149.13	1500	16689.86	9.82E-03	-2.89E-03
2150.13	1500	16704.13	9.82E-03	-2.90E-03
2151.13	1500	16692.56	9.83E-03	-2.90E-03
2152.13	1500	16694.53	9.83E-03	-2.91E-03
2153.13	1500	16699.73	9.84E-03	-2.92E-03
2154.13	1500	16688.16	9.84E-03	-2.93E-03
2155.13	1500	16690.71	9.84E-03	-2.93E-03
2156.13	1500	16705.53	9.85E-03	-2.94E-03
2157.13	1500	16712.43	9.85E-03	-2.95E-03
2158.13	1500	16720.62	9.85E-03	-2.96E-03
2159.13	1500	16708.6	9.86E-03	-2.97E-03
2160.13	1500	16702.18	9.86E-03	-2.97E-03
2161.13	1500	16714.36	9.87E-03	-2.98E-03
2162.13	1500	16726.75	9.87E-03	-2.99E-03
2163.13	1500	16730.17	9.88E-03	-3.00E-03
2164.13	1500	16720.48	9.88E-03	-3.01E-03
2165.13	1500	16741.63	9.89E-03	-3.02E-03
2166.13	1500	16735.88	9.89E-03	-3.03E-03
2167.13	1500	16722.92	9.89E-03	-3.03E-03
2168.13	1500	16717.45	9.90E-03	-3.04E-03
2169.13	1500	16737.44	9.90E-03	-3.05E-03
2170.13	1500	16717.89	9.90E-03	-3.06E-03
2171.13	1500	16742.04	9.91E-03	-3.07E-03
2172.13	1500	16745.15	9.91E-03	-3.07E-03
2173.13	1500	16731.23	9.92E-03	-3.08E-03
2174.13	1500	16723	9.92E-03	-3.09E-03
2175.13	1500	16732.18	9.93E-03	-3.10E-03
2176.13	1500	16732.31	9.93E-03	-3.10E-03
2177.13	1500	16731.04	9.93E-03	-3.11E-03
2178.13	1500	16728.98	9.94E-03	-3.12E-03
2179.13	1500	16728.53	9.94E-03	-3.13E-03
2180.13	1500	16741.68	9.94E-03	-3.14E-03
2181.13	1500	16725.86	9.95E-03	-3.14E-03
2182.13	1500	16747.33	9.95E-03	-3.15E-03
2183.13	1500	16755.5	9.95E-03	-3.16E-03
2184.13	1500	16749.23	9.96E-03	-3.17E-03
2185.13	1500	16748.43	9.96E-03	-3.18E-03
2186.13	1500	16745.06	9.97E-03	-3.19E-03
2187.13	1500	16747.5	9.97E-03	-3.19E-03
2188.13	1500	16758.37	9.98E-03	-3.20E-03
2189.13	1500	16742.08	9.98E-03	-3.21E-03
2190.13	1500	16757.01	9.99E-03	-3.22E-03
2191.13	1500	16759.06	9.99E-03	-3.23E-03
2192.13	1500	16765.57	9.99E-03	-3.24E-03
2193.13	1500	16750.49	1.00E-02	-3.24E-03
2194.13	1500	16754.76	1.00E-02	-3.25E-03
2195.13	1500	16758.86	1.00E-02	-3.26E-03
2196.13	1500	16780.94	1.00E-02	-3.27E-03
2197.13	1500	16780.76	1.00E-02	-3.28E-03
2198.13	1500	16780.11	1.00E-02	-3.28E-03
2199.13	1500	16774.14	1.00E-02	-3.29E-03
2200.13	1500	16765.72	1.00E-02	-3.30E-03
2201.13	1500	16774.45	1.00E-02	-3.31E-03
2202.13	1500	16761.72	1.00E-02	-3.31E-03
2203.13	1500	16756.19	1.00E-02	-3.32E-03
2204.13	1500	16780.16	1.00E-02	-3.33E-03
2205.13	1500	16769.77	1.00E-02	-3.34E-03
2206.13	1500	16758.41	1.00E-02	-3.35E-03
2207.13	1500	16769.16	1.01E-02	-3.36E-03
2208.13	1500	16777.92	1.01E-02	-3.37E-03
2209.13	1500	16780.5	1.01E-02	-3.37E-03
2210.13	1500	16783.96	1.01E-02	-3.38E-03
2211.13	1500	16791.55	1.01E-02	-3.39E-03
2212.13	1500	16779.43	1.01E-02	-3.40E-03
2213.13	1500	16779.9	1.01E-02	-3.41E-03
2214.13	1500	16776.69	1.01E-02	-3.41E-03
2215.13	1500	16783.17	1.01E-02	-3.42E-03
2216.13	1500	16788.86	1.01E-02	-3.43E-03
2217.13	1500	16780.57	1.01E-02	-3.44E-03
2218.13	1500	16773.67	1.01E-02	-3.45E-03
2219.13	1500	16782.21	1.01E-02	-3.46E-03
2220.13	1500	16814.54	1.01E-02	-3.47E-03
2221.13	1500	16760.67	1.01E-02	-3.47E-03
2222.13	1500	16800.61	1.01E-02	-3.48E-03
2223.13	1500	16773.23	1.01E-02	-3.49E-03
2224.13	1500	16787.33	1.01E-02	-3.50E-03
2225.13	1500	16802.14	1.01E-02	-3.51E-03
2226.13	1500	16802.83	1.01E-02	-3.52E-03
2227.13	1500	16795.12	1.01E-02	-3.52E-03
2228.13	1500	16779.12	1.01E-02	-3.53E-03
2229.13	1500	16796.68	1.01E-02	-3.54E-03
2230.13	1500	16810.58	1.01E-02	-3.55E-03
2231.13	1500	16804.15	1.01E-02	-3.56E-03
2232.13	1500	16788.06	1.02E-02	-3.56E-03
2233.13	1500	16791.97	1.02E-02	-3.57E-03
2234.13	1500	16793.85	1.02E-02	-3.58E-03
2235.13	1500	16808.38	1.02E-02	-3.59E-03
2236.13	1500	16804.78	1.02E-02	-3.60E-03
2237.13	1500	16806.94	1.02E-02	-3.61E-03
2238.13	1500	16793.52	1.02E-02	-3.62E-03
2239.13	1500	16815.96	1.02E-02	-3.63E-03
2240.13	1500	16813.11	1.02E-02	-3.64E-03
2241.13	1500	16798.98	1.02E-02	-3.65E-03
2242.13	1500	16799.59	1.02E-02	-3.66E-03
2243.13	1500	16803.59	1.02E-02	-3.66E-03
2244.13	1500	16809.59	1.02E-02	-3.67E-03
2245.13	1500	16811.12	1.02E-02	-3.68E-03
2246.13	1500	16808.22	1.02E-02	-3.69E-03
2247.13	1500	16796.56	1.02E-02	-3.70E-03
2248.13	1500	16800.02	1.02E-02	-3.71E-03
2249.13	1500	16807.31	1.02E-02	-3.72E-03
2250.13	1500	16799.19	1.02E-02	-3.72E-03
2251.13	1500	16795.39	1.02E-02	-3.73E-03
2252.13	1500	16814.95	1.02E-02	-3.74E-03
2253.13	1500	16808.57	1.02E-02	-3.75E-03
2254.13	1500	16806.94	1.02E-02	-3.76E-03
2255.13	1500	16809.39	1.02E-02	-3.77E-03
2256.13	1500	16809.57	1.02E-02	-3.78E-03
2257.13	1500	16808.86	1.03E-02	-3.79E-03
2258.13	1500	16820.38	1.03E-02	-3.80E-03
2259.13	1500	16823.94	1.03E-02	-3.81E-03
2260.13	1500	16816.93	1.03E-02	-3.81E-03
2261.13	1500	16812.04	1.03E-02	-3.82E-03
2262.13	1500	16816.62	1.03E-02	-3.83E-03
2263.13	1500	16815.75	1.03E-02	-3.84E-03
2264.13	1500	16825.48	1.03E-02	-3.85E-03
2265.13	1500	16821.4	1.03E-02	-3.86E-03
2266.13	1500	16818.05	1.03E-02	-3.87E-03
2267.13	1500	16801.12	1.03E-02	-3.87E-03
2268.13	1500	16817.27	1.03E-02	-3.88E-03
2269.13	1500	16820.65	1.03E-02	-3.89E-03
2270.13	1500	16808.81	1.03E-02	-3.90E-03
2271.13	1500	16808.92	1.03E-02	-3.91E-03
2272.13	1500	16826.58	1.03E-02	-3.92E-03
2273.13	1500	16818.32	1.03E-02	-3.93E-03
2274.13	1500	16827.58	1.03E-02	-3.94E-03
2275.13	1500	16819.18	1.03E-02	-3.95E-03
2276.13	1500	16820.04	1.03E-02	-3.96E-03
2277.13	1500	16813.86	1.03E-02	-3.96E-03
2278.13	1500	16834.31	1.03E-02	-3.97E-03
2279.13	1500	16828.24	1.03E-02	-3.98E-03
2280.13	1500	16811.85	1.03E-02	-3.99E-03
2281.13	1500	16813.83	1.03E-02	-4.00E-03
2282.13	1500	16829.71	1.03E-02	-4.01E-03
2283.13	1500	16817.94	1.04E-02	-4.02E-03
2284.13	1500	16813.46	1.04E-02	-4.03E-03
2285.13	1500	16845.51	1.04E-02	-4.04E-03
2286.13	1500	16827.79	1.04E-02	-4.05E-03
2287.13	1500	16798.75	1.04E-02	-4.05E-03
2288.13	1500	16825.9	1.04E-02	-4.07E-03
2289.13	1500	16824.91	1.04E-02	-4.08E-03
2290.13	1500	16819.75	1.04E-02	-4.08E-03
2291.13	1500	16819.56	1.04E-02	-4.09E-03
2292.13	1500	16826.72	1.04E-02	-4.10E-03
2293.13	1500	16825.59	1.04E-02	-4.11E-03
2294.13	1500	16825.4	1.04E-02	-4.12E-03
2295.13	1500	16826.24	1.04E-02	-4.13E-03
2296.13	1500	16832.68	1.04E-02	-4.14E-03
2297.13	1500	16842.92	1.04E-02	-4.15E-03
2298.13	1500	16826.39	1.04E-02	-4.16E-03
2299.13	1500	16821.64	1.04E-02	-4.17E-03
2300.13	1500	16811.72	1.04E-02	-4.17E-03
2301.13	1500	16808.99	1.04E-02	-4.18E-03
2302.13	1500	16827.08	1.04E-02	-4.19E-03
2303.13	1500	16821.08	1.04E-02	-4.20E-03
2304.13	1500	16819.92	1.04E-02	-4.21E-03
2305.13	1500	16810.42	1.04E-02	-4.22E-03
2306.13	1500	16818.88	1.04E-02	-4.23E-03
2307.13	1500	16797.32	1.05E-02	-4.23E-03
2308.13	1500	16807.93	1.05E-02	-4.25E-03
2309.13	1500	16827.99	1.05E-02	-4.26E-03
2310.13	1500	16819.74	1.05E-02	-4.27E-03
2311.13	1500	16807.55	1.05E-02	-4.27E-03
2312.13	1500	16796.4	1.05E-02	-4.28E-03
2313.13	1500	16824.55	1.05E-02	-4.29E-03
2314.13	1500	16801.83	1.05E-02	-4.30E-03
2315.13	1500	16818.54	1.05E-02	-4.31E-03
2316.13	1500	16821.89	1.05E-02	-4.32E-03
2317.13	1500	16821.37	1.05E-02	-4.33E-03
2318.13	1500	16813	1.05E-02	-4.34E-03
2319.13	1500	16816.92	1.05E-02	-4.35E-03
2320.13	1500	16818.41	1.05E-02	-4.36E-03
2321.13	1500	16819.32	1.05E-02	-4.37E-03
2322.13	1500	16810.44	1.05E-02	-4.37E-03
2323.13	1500	16818.09	1.05E-02	-4.39E-03
2324.13	1500	16800.31	1.05E-02	-4.39E-03
2325.13	1500	16813.46	1.05E-02	-4.40E-03
2326.13	1500	16808.43	1.05E-02	-4.41E-03
2327.13	1500	16814.72	1.05E-02	-4.42E-03
2328.13	1500	16829.38	1.05E-02	-4.43E-03
2329.13	1500	16803.96	1.05E-02	-4.44E-03
2330.13	1500	16833.94	1.05E-02	-4.45E-03
2331.13	1500	16802.74	1.05E-02	-4.46E-03
2332.13	1500	16793.2	1.06E-02	-4.47E-03
2333.13	1500	16803.87	1.06E-02	-4.48E-03
2334.13	1500	16805.84	1.06E-02	-4.49E-03
2335.13	1500	16808.65	1.06E-02	-4.50E-03
2336.13	1500	16804.98	1.06E-02	-4.51E-03
2337.13	1500	16822.58	1.06E-02	-4.52E-03
2338.13	1500	16797.96	1.06E-02	-4.52E-03
2339.13	1500	16805.82	1.06E-02	-4.53E-03
2340.13	1500	16795.36	1.06E-02	-4.54E-03
2341.13	1500	16799.82	1.06E-02	-4.55E-03
2342.13	1500	16811.56	1.06E-02	-4.56E-03
2343.13	1500	16789.53	1.06E-02	-4.57E-03
2344.13	1500	16797.05	1.06E-02	-4.58E-03
2345.13	1500	16793.51	1.06E-02	-4.59E-03
2346.13	1500	16796.26	1.06E-02	-4.60E-03
2347.13	1500	16792.93	1.06E-02	-4.61E-03
2348.13	1500	16804.23	1.06E-02	-4.62E-03
2349.13	1500	16804.6	1.06E-02	-4.63E-03
2350.13	1500	16786.22	1.06E-02	-4.64E-03
2351.13	1500	16796.34	1.06E-02	-4.65E-03
2352.13	1500	16788.34	1.06E-02	-4.66E-03
2353.13	1500	16790.82	1.06E-02	-4.67E-03
2354.13	1500	16742.04	1.06E-02	-4.67E-03
2355.13	1500	16783.29	1.06E-02	-4.68E-03
2356.13	1500	16790.8	1.06E-02	-4.69E-03
2357.13	1500	16774.31	1.06E-02	-4.70E-03
2358.13	1500	16780.3	1.07E-02	-4.71E-03
2359.13	1500	16773.29	1.07E-02	-4.72E-03
2360.13	1500	16767.41	1.07E-02	-4.73E-03
2361.13	1500	16777.5	1.07E-02	-4.74E-03
2362.13	1500	16769.14	1.07E-02	-4.75E-03
2363.13	1500	16737.18	1.07E-02	-4.76E-03
2364.13	1500	16765.01	1.07E-02	-4.77E-03
2365.13	1500	16754.97	1.07E-02	-4.78E-03
2366.13	1500	16749.21	1.07E-02	-4.79E-03
2367.13	1500	16756.99	1.07E-02	-4.80E-03
2368.13	1500	16737.05	1.07E-02	-4.81E-03
2369.13	1500	16754.97	1.07E-02	-4.82E-03
2370.13	1500	16746.76	1.07E-02	-4.83E-03
2371.13	1500	16739.89	1.07E-02	-4.84E-03
2372.13	1500	16734.15	1.07E-02	-4.85E-03
2373.13	1500	16738.83	1.07E-02	-4.86E-03
2374.13	1500	16739.89	1.07E-02	-4.87E-03
2375.13	1500	16721.48	1.07E-02	-4.88E-03
2376.13	1500	16717.95	1.07E-02	-4.89E-03
2377.13	1500	16703.78	1.07E-02	-4.90E-03
2378.13	1500	16700.08	1.07E-02	-4.91E-03
2379.13	1500	16694.98	1.07E-02	-4.91E-03
2380.13	1500	16693.1	1.07E-02	-4.93E-03
2381.13	1500	16682.04	1.07E-02	-4.93E-03
2382.13	1500	16683.31	1.08E-02	-4.94E-03
2383.13	1500	16674.47	1.08E-02	-4.95E-03
2384.13	1500	16671.78	1.08E-02	-4.96E-03
2385.13	1500	16669.9	1.08E-02	-4.97E-03
2386.13	1500	16644.01	1.08E-02	-4.98E-03
2387.13	1500	16661.12	1.08E-02	-5.00E-03
2388.13	1500	16637.09	1.08E-02	-5.00E-03
2389.13	1500	16621.72	1.08E-02	-5.01E-03
2390.13	1500	16630.64	1.08E-02	-5.03E-03
2391.13	1500	16610.25	1.08E-02	-5.03E-03
2392.13	1500	16603.61	1.08E-02	-5.05E-03
2393.13	1500	16589.72	1.08E-02	-5.06E-03
2394.13	1500	16578.27	1.08E-02	-5.07E-03
2395.13	1500	16568.85	1.08E-02	-5.08E-03
2396.13	1500	16551.11	1.08E-02	-5.09E-03
2397.13	1500	16525.29	1.08E-02	-5.10E-03
2398.13	1500	16509.33	1.08E-02	-5.11E-03
2399.13	1500	16502.9	1.08E-02	-5.13E-03
2400.13	1500	16483.04	1.08E-02	-5.14E-03
2401.13	1500	16466.79	1.08E-02	-5.15E-03
2402.13	1500	16445.14	1.08E-02	-5.17E-03
2403.13	1500	16425.49	1.08E-02	-5.18E-03
2404.13	1500	16401.88	1.08E-02	-5.19E-03
2405.13	1500	16384.78	1.08E-02	-5.20E-03
2406.13	1500	16362.55	1.08E-02	-5.22E-03
2407.13	1500	16344.97	1.09E-02	-5.23E-03
2408.13	1500	16319.62	1.09E-02	-5.25E-03
2409.13	1500	16313.6	1.09E-02	-5.26E-03
2410.13	1500	16278.44	1.09E-02	-5.28E-03
2411.13	1500	16246.08	1.09E-02	-5.29E-03
2412.13	1500	16223.74	1.09E-02	-5.31E-03
2413.13	1500	16191.88	1.09E-02	-5.33E-03
2414.13	1500	16154.57	1.09E-02	-5.34E-03
2415.13	1500	16127.78	1.09E-02	-5.36E-03
2416.13	1500	16083.02	1.09E-02	-5.38E-03
2417.13	1500	16036.5	1.09E-02	-5.40E-03
2418.13	1500	16002.07	1.09E-02	-5.43E-03
2419.13	1500	15935.31	1.09E-02	-5.45E-03
2420.13	1500	15883.01	1.09E-02	-5.49E-03
2421.13	1500	15816.84	1.09E-02	-5.52E-03
2422.13	1500	15714.22	1.09E-02	-5.56E-03
2423.13	1500	15610.06	1.09E-02	-5.62E-03