TVD (ft) =	7503.00	ft
		
Time (minutes)	Pressure(psi)	Rate (gpm)
70.29	1332.85	0.00
70.36	1342.26	0.00
70.42	1353.66	0.00
70.49	1362.41	0.00
70.55	1369.63	0.00
70.60	1377.38	0.00
70.66	1467.87	0.00
70.71	1632.46	0.00
70.77	1867.53	0.00
70.82	2142.58	0.00
70.90	2213.46	0.00
70.95	2216.21	0.00
71.00	2228.25	0.17
71.06	2203.89	9.65
71.12	2229.24	14.73
71.17	2221.31	19.35
71.25	2213.09	20.99
71.30	2205.42	21.21
71.35	2207.03	23.08
71.41	2224.45	25.84
71.41	2229.34	29.39
71.52	2206.85	29.84
71.52	2203.12	27.93
71.65	2222.08	29.61
71.70	2207.32	29.56
71.76	2210.63	28.83
71.81	2210.58	30.29
71.87	2196.32	30.75
71.92	2202.89	30.80
71.98	2194.85	31.25
72.05	2198.22	31.81
72.11	2205.81	31.99
72.16	2202.62	32.15
72.22	2209.41	32.33
72.27	2207.61	32.44
72.32	2202.46	32.78
72.38	2199.00	33.40
72.45	2193.86	33.34
72.51	2187.87	33.17
72.57	2186.66	33.17
72.62	2193.86	33.23
72.67	2205.50	33.23
72.75	2201.45	33.40
72.80	2203.75	33.56
72.86	2199.78	33.40
72.91	2203.76	33.51
72.97	2204.57	33.56
73.02	2205.35	33.23
73.08	2207.54	33.06
73.15	2207.69	33.34
73.21	2208.25	33.06
73.26	2212.58	32.38
73.31	2211.80	31.81
73.37	2193.85	32.21
73.43	2188.53	15.91
73.48	2182.42	1.58
73.56	2175.29	0.23
73.61	2180.40	0.11
73.66	2035.54	0.11
73.72	1959.53	0.11
73.77	1941.02	0.06
73.83	1931.58	0.06
73.89	1924.84	0.06
73.96	1919.05	0.06
74.01	1913.74	0.06
74.07	1908.89	0.06
74.12	1904.22	0.00
74.18	1899.87	0.06
74.23	1895.64	0.00
74.29	1891.62	0.00
74.36	1887.73	0.06
74.42	1883.97	0.00
74.47	1880.40	0.00
74.53	1876.80	0.00
74.58	1873.43	0.00
74.63	1870.04	0.00
74.71	1866.74	0.00
74.76	1863.51	0.00
74.82	1860.36	0.00
74.88	1857.25	0.00
74.93	1854.18	0.00
74.98	1851.17	0.00
75.04	1848.19	0.00
75.11	1845.26	0.00
75.17	1842.41	0.00
75.22	1839.59	0.00
75.28	1836.75	0.00
75.33	1833.96	0.00
75.39	1831.28	0.00
75.44	1828.71	0.00
75.52	1826.09	0.00
75.57	1823.57	0.00
75.62	1821.14	0.00
75.68	1818.70	0.00
75.74	1816.33	0.00
75.79	1813.98	0.00
75.87	1811.10	0.00
75.92	1808.88	0.00
75.97	1806.74	0.00
76.03	1804.52	0.00
76.10	1802.17	0.00
76.16	1800.02	0.00
76.21	1797.95	0.00
76.27	1795.92	0.00
76.32	1793.92	0.00
76.38	1791.93	0.00
76.43	1790.10	0.00
76.51	1788.22	0.00
76.56	1786.40	0.00
76.61	1784.59	0.00
76.67	1782.79	0.00
76.73	1780.96	0.00
76.78	1779.24	0.00
76.84	1777.56	0.00
76.89	1775.85	0.00
76.94	1774.21	0.00
77.02	1772.62	0.00
77.07	1771.08	0.00
77.13	1769.55	0.00
77.19	1768.07	0.00
77.24	1766.66	0.00
77.29	1765.29	0.00
77.35	1763.95	0.00
77.42	1762.68	0.00
77.48	1761.44	0.00
77.53	1760.22	0.00
77.59	1758.98	0.00
77.64	1757.77	0.00
77.70	1756.59	0.00
77.77	1755.46	0.00
77.83	1754.37	0.00
77.88	1753.29	0.00
77.93	1752.27	0.00
77.99	1751.22	0.00
78.05	1750.21	0.00
78.10	1749.21	0.00
78.16	1748.22	0.00
78.21	1747.25	0.00
78.28	1746.34	0.00
78.32	1745.41	0.00
78.39	1744.41	0.00
78.45	1743.45	0.00
78.51	1742.54	0.00
78.56	1741.64	0.00
78.61	1740.76	0.00
78.67	1739.94	0.00
78.72	1739.11	0.00
78.78	1738.31	0.00
78.84	1737.49	0.00
78.91	1736.72	0.00
78.96	1735.93	0.00
79.02	1735.18	0.00
79.07	1734.44	0.00
79.13	1733.69	0.00
79.18	1732.93	0.00
79.25	1732.21	0.00
79.29	1731.51	0.00
79.37	1730.80	0.00
79.42	1730.10	0.00
79.48	1729.44	0.00
79.53	1728.74	0.00
79.58	1728.10	0.00
79.64	1727.43	0.00
79.70	1726.81	0.00
79.75	1726.19	0.00
79.81	1725.57	0.00
79.88	1724.94	0.00
79.93	1724.32	0.00
79.99	1723.72	0.00
80.04	1723.12	0.00
80.10	1722.55	0.00
80.16	1721.94	0.00
80.21	1721.36	0.00
80.28	1720.76	0.00
80.32	1720.18	0.00
80.39	1719.64	0.00
80.45	1719.05	0.00
80.50	1718.51	0.00
80.56	1717.93	0.00
80.61	1717.39	0.00
80.67	1716.84	0.00
80.74	1716.31	0.00
80.80	1715.76	0.00
80.85	1715.23	0.00
80.90	1714.71	0.00
80.96	1714.22	0.00
81.02	1713.70	0.00
81.07	1713.18	0.00
81.13	1712.69	0.00
81.18	1712.19	0.00
81.25	1711.71	0.00
81.31	1711.26	0.00
81.36	1710.78	0.00
81.42	1710.31	0.00
81.48	1709.82	0.00
81.53	1709.35	0.00
81.58	1708.88	0.00
81.64	1708.44	0.00
81.69	1707.98	0.00
81.75	1707.54	0.00
81.81	1707.08	0.00
81.88	1706.63	0.00
81.93	1706.18	0.00
81.99	1705.74	0.00
82.04	1705.30	0.00
82.10	1704.88	0.00
82.15	1704.45	0.00
82.22	1704.00	0.00
82.28	1703.57	0.00
82.34	1703.15	0.00
82.39	1702.75	0.00
82.45	1702.34	0.00
82.50	1701.91	0.00
82.55	1701.50	0.00
82.61	1701.10	0.00
82.67	1700.70	0.00
82.74	1700.27	0.00
82.80	1699.90	0.00
82.85	1699.50	0.00
82.90	1699.12	0.00
82.96	1698.73	0.00
83.01	1698.36	0.00
83.09	1697.89	0.00
83.14	1697.52	0.00
83.20	1697.12	0.00
83.25	1696.76	0.00
83.31	1696.41	0.00
83.36	1696.02	0.00
83.44	1695.68	0.00
83.49	1695.34	0.00
83.54	1695.00	0.00
83.60	1694.64	0.00
83.66	1694.28	0.00
83.71	1693.95	0.00
83.77	1693.58	0.00
83.82	1693.26	0.00
83.87	1692.90	0.00
83.95	1692.55	0.00
84.00	1692.22	0.00
84.06	1691.90	0.00
84.12	1691.56	0.00
84.17	1691.23	0.00
84.22	1690.90	0.00
84.28	1690.57	0.00
84.33	1690.24	0.00
84.41	1689.93	0.00
84.45	1689.60	0.00
84.52	1689.29	0.00
84.57	1688.94	0.00
84.63	1688.64	0.00
84.68	1688.32	0.00
84.74	1688.03	0.00
84.79	1687.71	0.00
84.85	1687.41	0.00
84.90	1687.11	0.00
84.96	1686.80	0.00
85.03	1686.49	0.00
85.09	1686.20	0.00
85.14	1685.89	0.00
85.19	1685.61	0.00
85.25	1685.30	0.00
85.31	1685.00	0.00
85.36	1684.72	0.00
85.42	1684.43	0.00
85.49	1684.14	0.00
85.54	1683.84	0.00
85.60	1683.57	0.00
85.65	1683.29	0.00
85.71	1683.01	0.00
85.77	1682.75	0.00
85.82	1682.45	0.00
85.87	1682.20	0.00
85.93	1681.93	0.00
85.98	1681.66	0.00
86.04	1681.38	0.00
86.11	1681.11	0.00
86.17	1680.84	0.00
86.22	1680.60	0.00
86.28	1680.32	0.00
86.33	1680.05	0.00
86.39	1679.81	0.00
86.44	1679.55	0.00
86.50	1679.27	0.00
86.55	1679.01	0.00
86.63	1678.79	0.00
86.68	1678.51	0.00
86.74	1678.26	0.00
86.79	1677.98	0.00
86.84	1677.74	0.00
86.90	1677.49	0.00
86.96	1677.26	0.00
87.01	1676.99	0.00
87.09	1676.76	0.00
87.14	1676.50	0.00
87.19	1676.28	0.00
87.25	1676.03	0.00
87.30	1675.78	0.00
87.36	1675.53	0.00
87.42	1675.30	0.00
87.49	1675.06	0.00
87.54	1674.83	0.00
87.60	1674.59	0.00
87.65	1674.37	0.00
87.71	1674.13	0.00
87.76	1673.88	0.00
87.82	1673.66	0.00
87.87	1673.43	0.00
87.93	1673.20	0.00
88.00	1672.99	0.00
88.06	1672.77	0.00
88.11	1672.52	0.00
88.16	1672.30	0.00
88.22	1672.09	0.00
88.28	1671.86	0.00
88.33	1671.66	0.00
88.39	1671.42	0.00
88.46	1671.20	0.00
88.51	1671.00	0.00
88.57	1670.78	0.00
88.62	1670.56	0.00
88.68	1670.34	0.00
88.74	1670.11	0.00
88.79	1669.92	0.00
88.84	1669.70	0.00
88.90	1669.51	0.00
88.97	1669.29	0.00
89.03	1669.09	0.00
89.08	1668.88	0.00
89.14	1668.68	0.00
89.19	1668.47	0.00
89.25	1668.27	0.00
89.30	1668.07	0.00
89.36	1667.86	0.00
89.41	1667.66	0.00
89.48	1667.46	0.00
89.54	1667.25	0.00
89.60	1667.05	0.00
89.65	1666.85	0.00
89.71	1666.64	0.00
89.76	1666.46	0.00
89.81	1666.26	0.00
89.89	1666.07	0.00
89.94	1665.86	0.00
90.00	1665.68	0.00
90.06	1665.50	0.00
90.11	1665.28	0.00
90.16	1665.10	0.00
90.24	1664.89	0.00
90.29	1664.65	0.00
90.35	1664.48	0.00
90.40	1664.28	0.00
90.47	1664.09	0.00
90.53	1663.90	0.00
90.59	1663.72	0.00
90.64	1663.52	0.00
90.70	1663.33	0.00
90.75	1663.17	0.00
90.80	1662.98	0.00
90.88	1662.79	0.00
90.93	1662.62	0.00
90.99	1662.44	0.00
91.05	1662.28	0.00
91.10	1662.08	0.00
91.15	1661.94	0.00
91.21	1661.73	0.00
91.26	1661.54	0.00
91.34	1661.36	0.00
91.39	1661.21	0.00
91.45	1661.06	0.00
91.50	1660.87	0.00
91.56	1660.69	0.00
91.61	1660.53	0.00
91.67	1660.34	0.00
91.72	1660.18	0.00
91.78	1659.99	0.00
91.85	1659.82	0.00
91.89	1659.66	0.00
91.96	1659.50	0.00
92.02	1659.34	0.00
92.07	1659.16	0.00
92.12	1659.00	0.00
92.18	1658.84	0.00
92.24	1658.68	0.00
92.29	1658.50	0.00
92.37	1658.35	0.00
92.42	1658.17	0.00
92.47	1658.03	0.00
92.53	1657.84	0.00
92.58	1657.67	0.00
92.64	1657.52	0.00
92.71	1657.36	0.00
92.77	1657.23	0.00
92.82	1657.05	0.00
92.88	1656.89	0.00
92.93	1656.72	0.00
92.99	1656.58	0.00
93.04	1656.42	0.00
93.11	1656.27	0.00
93.17	1656.11	0.00
93.23	1655.96	0.00
93.28	1655.79	0.00
93.34	1655.64	0.00
93.39	1655.50	0.00
93.44	1655.35	0.00
93.50	1655.19	0.00
93.56	1655.05	0.00
93.63	1654.90	0.00
93.69	1654.73	0.00
93.74	1654.57	0.00
93.79	1654.44	0.00
93.85	1654.29	0.00
93.90	1654.14	0.00
93.96	1653.98	0.00
94.02	1653.84	0.00
94.07	1653.71	0.00
94.14	1653.56	0.00
94.20	1653.40	0.00
94.25	1653.26	0.00
94.31	1653.12	0.00
94.36	1652.96	0.00
94.42	1652.84	0.00
94.47	1652.71	0.00
94.53	1652.55	0.00
94.60	1652.41	0.00
94.66	1652.27	0.00
94.71	1652.13	0.00
94.76	1651.98	0.00
94.82	1651.86	0.00
94.88	1651.72	0.00
94.93	1651.57	0.00
94.99	1651.43	0.00
95.04	1651.30	0.00
95.11	1651.17	0.00
95.17	1651.02	0.00
95.22	1650.89	0.00
95.28	1650.75	0.00
95.34	1650.61	0.00
95.39	1650.47	0.00
95.44	1650.35	0.00
95.50	1650.20	0.00
95.55	1650.06	0.00
95.63	1649.95	0.00
95.68	1649.80	0.00
95.74	1649.67	0.00
95.79	1649.52	0.00
95.85	1649.42	0.00
95.90	1649.25	0.00
95.98	1649.14	0.00
96.03	1649.01	0.00
96.08	1648.89	0.00
96.14	1648.78	0.00
96.20	1648.59	0.00
96.25	1648.48	0.00
96.31	1648.35	0.00
96.38	1648.21	0.00
96.43	1648.11	0.00
96.49	1647.97	0.00
96.54	1647.82	0.00
96.60	1647.70	0.00
96.66	1647.57	0.00
96.71	1647.46	0.00
96.78	1647.34	0.00
96.84	1647.22	0.00
96.89	1647.09	0.00
96.95	1646.93	0.00
97.00	1646.81	0.00
97.06	1646.70	0.00
97.11	1646.58	0.00
97.17	1646.46	0.00
97.22	1646.32	0.00
97.30	1646.22	0.00
97.35	1646.10	0.00
97.40	1645.95	0.00
97.46	1645.83	0.00
97.53	1645.71	0.00
97.59	1645.56	0.00
97.65	1645.46	0.00
97.70	1645.31	0.00
97.75	1645.22	0.00
97.81	1645.08	0.00
97.88	1644.97	0.00
97.94	1644.86	0.00
97.99	1644.73	0.00
98.05	1644.62	0.00
98.10	1644.50	0.00
98.16	1644.39	0.00
98.21	1644.27	0.00
98.27	1644.16	0.00
98.32	1644.05	0.00
98.38	1643.93	0.00
98.45	1643.80	0.00
98.51	1643.69	0.00
98.56	1643.59	0.00
98.62	1643.46	0.00
98.67	1643.36	0.00
98.72	1643.22	0.00
98.78	1643.11	0.00
98.85	1643.02	0.00
98.91	1642.88	0.00
98.97	1642.78	0.00
99.02	1642.66	0.00
99.07	1642.55	0.00
99.13	1642.44	0.00
99.18	1642.34	0.00
99.26	1642.23	0.00
99.31	1642.10	0.00
99.37	1642.00	0.00
99.42	1641.89	0.00
99.48	1641.77	0.00
99.53	1641.64	0.00
99.59	1641.55	0.00
99.66	1641.44	0.00
99.71	1641.34	0.00
99.77	1641.23	0.00
99.83	1641.12	0.00
99.88	1641.01	0.00
99.94	1640.89	0.00
99.99	1640.78	0.00
100.06	1640.67	0.00
100.12	1640.57	0.00
100.17	1640.46	0.00
100.23	1640.35	0.00
100.29	1640.27	0.00
100.36	1640.16	0.00
100.41	1640.02	0.00
100.47	1639.94	0.00
100.52	1639.86	0.00
100.58	1639.75	0.00
100.63	1639.64	0.00
100.69	1639.51	0.00
100.76	1639.42	0.00
100.82	1639.31	0.00
100.87	1639.22	0.00
100.93	1639.11	0.00
100.98	1638.99	0.00
101.03	1638.91	0.00
101.09	1638.80	0.00
101.16	1638.69	0.00
101.22	1638.57	0.00
101.28	1638.48	0.00
101.33	1638.37	0.00
101.38	1638.26	0.00
101.44	1638.18	0.00
101.49	1638.07	0.00
101.57	1637.97	0.00
101.62	1637.87	0.00
101.68	1637.74	0.00
101.73	1637.64	0.00
101.79	1637.54	0.00
101.84	1637.44	0.00
101.92	1637.34	0.00
101.95	1637.26	0.00
102.02	1637.17	0.00
102.08	1637.06	0.00
102.14	1636.98	0.00
102.19	1636.89	0.00
102.25	1636.78	0.00
102.32	1636.68	0.00
102.35	1636.57	0.00
102.43	1636.46	0.00
102.48	1636.37	0.00
102.54	1636.28	0.00
102.60	1636.18	0.00
102.65	1636.11	0.00
102.70	1635.98	0.00
102.76	1635.89	0.00
102.83	1635.77	0.00
102.89	1635.70	0.00
102.94	1635.63	0.00
103.00	1635.52	0.00
103.05	1635.43	0.00
103.11	1635.32	0.00
103.16	1635.24	0.00
103.24	1635.15	0.00
103.29	1635.04	0.00
103.34	1634.96	0.00
103.40	1634.89	0.00
103.46	1634.80	0.00
103.51	1634.70	0.00
103.57	1634.63	0.00
103.62	1634.52	0.00
103.69	1634.46	0.00
103.75	1634.35	0.00
103.80	1634.25	0.00
103.86	1634.15	0.00
103.92	1634.06	0.00
103.97	1633.97	0.00
104.02	1633.89	0.00
104.10	1633.81	0.00
104.15	1633.70	0.00
104.21	1633.61	0.00
104.26	1633.53	0.00
104.32	1633.42	0.00
104.37	1633.34	0.00
104.43	1633.26	0.00
104.48	1633.17	0.00
104.54	1633.08	0.00
104.61	1632.99	0.00
104.66	1632.91	0.00
104.72	1632.84	0.00
104.79	1632.70	0.00
104.85	1632.62	0.00
104.91	1632.52	0.00
104.96	1632.46	0.00
105.01	1632.37	0.00
105.07	1632.29	0.00
105.12	1632.20	0.00
105.20	1632.07	0.00
105.25	1632.04	0.00
105.31	1631.94	0.00
105.36	1631.87	0.00
105.42	1631.77	0.00
105.47	1631.69	0.00
105.53	1631.59	0.00
105.58	1631.51	0.00
105.64	1631.43	0.00
105.71	1631.36	0.00
105.77	1631.27	0.00
105.82	1631.18	0.00
105.88	1631.12	0.00
105.93	1631.01	0.00
105.98	1630.90	0.00
106.04	1630.84	0.00
106.11	1630.76	0.00
106.17	1630.66	0.00
106.23	1630.61	0.00
106.28	1630.50	0.00
106.33	1630.44	0.00
106.39	1630.37	0.00
106.46	1630.27	0.00
106.52	1630.20	0.00
106.57	1630.11	0.00
106.63	1630.02	0.00
106.68	1629.95	0.00
106.74	1629.88	0.00
106.79	1629.76	0.00
106.85	1629.69	0.00
106.90	1629.60	0.00
106.97	1629.53	0.00
107.03	1629.45	0.00
107.09	1629.38	0.00
107.14	1629.29	0.00
107.20	1629.21	0.00
107.25	1629.13	0.00
107.30	1629.08	0.00
107.38	1629.00	0.00
107.42	1628.94	0.00
107.49	1628.84	0.00
107.55	1628.74	0.00
107.60	1628.67	0.00
107.65	1628.58	0.00
107.71	1628.51	0.00
107.76	1628.43	0.00
107.82	1627.57	0.00
107.89	1627.77	0.00
107.95	1627.67	0.00
108.00	1627.41	0.00
108.06	1627.40	0.00
108.11	1627.43	0.00
108.17	1627.44	0.00
108.22	1627.44	0.00
108.29	1627.37	0.00
108.35	1627.29	0.00
108.41	1627.11	0.00
108.46	1626.93	0.00
108.52	1626.86	0.00
108.57	1626.77	0.00
108.64	1626.75	0.00
108.70	1626.69	0.00
108.75	1626.60	0.00
108.81	1626.55	0.00
108.87	1626.50	0.00
108.92	1626.44	0.00
108.97	1626.36	0.00
109.05	1626.28	0.00
109.10	1626.22	0.00
109.16	1626.15	0.00
109.21	1626.08	0.00
109.27	1625.97	0.00
109.34	1625.90	0.00
109.40	1625.81	0.00
109.45	1625.73	0.00
109.51	1625.67	0.00
109.56	1625.60	0.00
109.61	1625.54	0.00
109.67	1625.45	0.00
109.74	1625.47	0.00
109.80	1625.47	0.00
109.86	1625.39	0.00
109.91	1625.37	0.00
109.96	1625.35	0.00
110.02	1625.25	0.00
110.07	1625.20	0.00
110.15	1625.10	0.00
110.20	1625.03	0.00
110.26	1624.98	0.00
110.31	1624.92	0.00
110.37	1624.84	0.00
110.44	1624.79	0.00
110.50	1624.72	0.00
110.55	1624.67	0.00
110.60	1624.59	0.00
110.66	1624.50	0.00
110.72	1624.46	0.00
110.77	1624.39	0.00
110.85	1624.32	0.00
110.90	1624.25	0.00
110.95	1624.17	0.00
111.01	1624.12	0.00
111.06	1624.04	0.00
111.12	1623.97	0.00
111.19	1623.90	0.00
111.25	1623.84	0.00
111.30	1623.77	0.00
111.36	1623.70	0.00
111.41	1623.64	0.00
111.47	1623.57	0.00
111.54	1623.50	0.00
111.59	1623.42	0.00