1 0.2 5 
Time (min) 0 5 10 15 20 25 30
Pressure (psi) 0 99 105 108 109 110 110
2 0.4 10 
Time (min) 0 5 10 15 20 25 30
Pressure (psi) 88 187. 204 #215 219 220 220
3 0.8 20 
Time (min) 0 5 10 15 20 25 30
Pressure (psi) 209 358 424 431 438 $ยง.439 440
4 1.6 40 
Time (min) 0 5 10 15 20 25 30
Pressure (psi) 418 770 869 871 875 878 #882
5 2.4 60 
Time (min) 0 5 10 15 20 25 30
Pressure (psi) 825 1089 1133 1199 1265 1298 1321
6 3.2 80 
Time (min) 0 5 10 15 20 25 30
Pressure (psi) 1210 1375 1459 1507 1529 1535 1540
7 4 100 
Time (min) 0 5 10 15 20 25 30
Pressure (psi) 1485 1595 1650 1683 1727 1749 1760
