Temperature (K)	Pressure (MPa)	Density (mol/l)	Volume (l/mol)	Internal Energy (kJ/mol)	Enthalpy (kJ/mol)	Entropy (J/mol*K)	Cv (J/mol*K)	Cp (J/mol*K)	Sound Spd. (m/s)	Joule-Thomson (K/MPa)	Viscosity (uPa*s)	Therm. Cond. (W/m*K)	Phase
298.15	0.10000	0.040541	24.666	19.796	22.263	120.56	28.935	37.442	268.63	10.932	14.914	0.016632	vapor
298.15	0.20000	0.081493	12.271	19.767	22.221	114.70	29.044	37.750	267.86	10.937	14.924	0.016688	vapor
298.15	0.30000	0.12287	8.1389	19.738	22.180	111.23	29.155	38.066	267.09	10.942	14.934	0.016746	vapor
298.15	0.40000	0.16467	6.0727	19.709	22.138	108.74	29.267	38.391	266.31	10.947	14.944	0.016805	vapor
298.15	0.50000	0.20692	4.8328	19.680	22.096	106.78	29.380	38.723	265.53	10.952	14.955	0.016866	vapor
298.15	0.60000	0.24963	4.0060	19.650	22.053	105.17	29.495	39.065	264.74	10.957	14.967	0.016928	vapor
298.15	0.70000	0.29280	3.4153	19.620	22.010	103.78	29.611	39.415	263.95	10.961	14.979	0.016993	vapor
298.15	0.80000	0.33646	2.9721	19.589	21.967	102.57	29.729	39.776	263.15	10.966	14.991	0.017059	vapor
298.15	0.90000	0.38061	2.6273	19.558	21.923	101.49	29.849	40.147	262.34	10.971	15.004	0.017127	vapor
298.15	1.0000	0.42528	2.3514	19.527	21.879	100.50	29.970	40.528	261.53	10.976	15.018	0.017197	vapor
298.15	1.1000	0.47046	2.1256	19.496	21.834	99.604	30.093	40.920	260.71	10.981	15.032	0.017269	vapor
298.15	1.2000	0.51620	1.9373	19.464	21.789	98.772	30.218	41.325	259.89	10.985	15.047	0.017343	vapor
298.15	1.3000	0.56248	1.7778	19.432	21.743	97.997	30.344	41.741	259.06	10.990	15.063	0.017420	vapor
298.15	1.4000	0.60935	1.6411	19.400	21.697	97.270	30.473	42.171	258.22	10.994	15.079	0.017499	vapor
298.15	1.5000	0.65681	1.5225	19.367	21.651	96.583	30.603	42.615	257.38	10.999	15.096	0.017580	vapor
298.15	1.6000	0.70488	1.4187	19.334	21.603	95.932	30.736	43.073	256.53	11.003	15.113	0.017664	vapor
298.15	1.7000	0.75359	1.3270	19.300	21.556	95.312	30.871	43.546	255.67	11.007	15.132	0.017751	vapor
298.15	1.8000	0.80295	1.2454	19.266	21.508	94.719	31.009	44.036	254.81	11.012	15.151	0.017840	vapor
298.15	1.9000	0.85300	1.1723	19.231	21.459	94.151	31.149	44.542	253.94	11.015	15.171	0.017932	vapor
298.15	2.0000	0.90374	1.1065	19.196	21.409	93.603	31.291	45.067	253.06	11.019	15.191	0.018028	vapor
298.15	2.1000	0.95521	1.0469	19.161	21.359	93.074	31.436	45.611	252.17	11.023	15.213	0.018127	vapor
298.15	2.2000	1.0074	0.99261	19.125	21.309	92.563	31.584	46.176	251.27	11.026	15.236	0.018229	vapor
298.15	2.3000	1.0605	0.94299	19.089	21.258	92.066	31.735	46.762	250.37	11.029	15.259	0.018335	vapor
298.15	2.4000	1.1143	0.89744	19.052	21.206	91.584	31.889	47.371	249.45	11.032	15.284	0.018445	vapor
298.15	2.5000	1.1690	0.85547	19.014	21.153	91.113	32.047	48.005	248.53	11.035	15.309	0.018559	vapor
298.15	2.6000	1.2245	0.81666	18.976	21.100	90.654	32.208	48.665	247.60	11.037	15.336	0.018677	vapor
298.15	2.7000	1.2810	0.78066	18.938	21.046	90.205	32.372	49.354	246.65	11.040	15.364	0.018800	vapor
298.15	2.8000	1.3384	0.74716	18.899	20.991	89.765	32.540	50.072	245.70	11.041	15.393	0.018928	vapor
298.15	2.9000	1.3968	0.71591	18.859	20.935	89.333	32.713	50.823	244.74	11.043	15.424	0.019061	vapor
298.15	3.0000	1.4563	0.68668	18.818	20.878	88.908	32.889	51.608	243.76	11.044	15.455	0.019199	vapor
298.15	3.1000	1.5168	0.65926	18.777	20.821	88.489	33.071	52.431	242.78	11.044	15.488	0.019344	vapor
298.15	3.2000	1.5785	0.63349	18.735	20.763	88.077	33.257	53.294	241.78	11.044	15.523	0.019495	vapor
298.15	3.3000	1.6414	0.60922	18.693	20.703	87.669	33.448	54.201	240.77	11.043	15.559	0.019653	vapor
298.15	3.4000	1.7056	0.58630	18.650	20.643	87.267	33.644	55.156	239.74	11.042	15.597	0.019818	vapor
298.15	3.5000	1.7711	0.56462	18.605	20.581	86.867	33.847	56.161	238.70	11.041	15.637	0.019991	vapor
298.15	3.6000	1.8380	0.54408	18.560	20.519	86.472	34.055	57.223	237.65	11.038	15.679	0.020173	vapor
298.15	3.7000	1.9063	0.52457	18.514	20.455	86.079	34.270	58.346	236.58	11.035	15.722	0.020364	vapor
298.15	3.8000	1.9762	0.50601	18.467	20.390	85.688	34.493	59.536	235.50	11.031	15.768	0.020565	vapor
298.15	3.9000	2.0478	0.48833	18.419	20.324	85.298	34.722	60.800	234.40	11.026	15.816	0.020776	vapor
298.15	4.0000	2.1211	0.47145	18.370	20.256	84.910	34.961	62.145	233.28	11.021	15.866	0.021000	vapor
298.15	4.1000	2.1963	0.45532	18.320	20.187	84.523	35.207	63.580	232.14	11.014	15.920	0.021237	vapor
298.15	4.2000	2.2734	0.43986	18.268	20.116	84.135	35.464	65.115	230.98	11.006	15.976	0.021487	vapor
298.15	4.3000	2.3527	0.42504	18.216	20.043	83.747	35.731	66.762	229.80	10.997	16.035	0.021754	vapor
298.15	4.4000	2.4343	0.41080	18.162	19.969	83.357	36.009	68.534	228.60	10.986	16.097	0.022037	vapor
298.15	4.5000	2.5183	0.39710	18.106	19.893	82.966	36.300	70.447	227.37	10.974	16.163	0.022340	vapor
298.15	4.6000	2.6049	0.38389	18.049	19.814	82.572	36.605	72.520	226.12	10.960	16.232	0.022664	vapor
298.15	4.7000	2.6944	0.37113	17.989	19.734	82.175	36.925	74.776	224.84	10.944	16.306	0.023012	vapor
298.15	4.8000	2.7871	0.35880	17.928	19.651	81.774	37.261	77.241	223.53	10.927	16.385	0.023387	vapor
298.15	4.9000	2.8831	0.34685	17.865	19.565	81.368	37.616	79.948	222.18	10.906	16.469	0.023792	vapor
298.15	5.0000	2.9829	0.33525	17.800	19.476	80.956	37.992	82.938	220.79	10.884	16.558	0.024231	vapor
298.15	5.1000	3.0867	0.32397	17.732	19.384	80.537	38.392	86.260	219.37	10.858	16.654	0.024710	vapor
298.15	5.2000	3.1952	0.31297	17.661	19.289	80.110	38.819	89.978	217.90	10.829	16.757	0.025234	vapor
298.15	5.3000	3.3088	0.30223	17.587	19.189	79.673	39.277	94.172	216.38	10.796	16.869	0.025811	vapor
298.15	5.4000	3.4282	0.29170	17.510	19.085	79.224	39.770	98.947	214.80	10.759	16.989	0.026450	vapor
298.15	5.5000	3.5541	0.28136	17.429	18.976	78.762	40.306	104.44	213.15	10.717	17.120	0.027164	vapor
298.15	5.6000	3.6877	0.27117	17.342	18.861	78.284	40.891	110.85	211.43	10.668	17.264	0.027968	vapor
298.15	5.7000	3.8302	0.26108	17.251	18.739	77.786	41.538	118.44	209.62	10.613	17.422	0.028883	vapor
298.15	5.8000	3.9833	0.25105	17.153	18.609	77.264	42.258	127.59	207.70	10.548	17.598	0.029938	vapor
298.15	5.9000	4.1491	0.24101	17.047	18.469	76.712	43.073	138.89	205.65	10.473	17.796	0.031173	vapor
298.15	6.0000	4.3310	0.23089	16.932	18.317	76.123	44.010	153.28	203.43	10.384	18.022	0.032649	vapor
298.15	6.1000	4.5335	0.22058	16.804	18.150	75.485	45.116	172.39	200.99	10.276	18.284	0.034463	vapor
298.15	6.2000	4.7639	0.20991	16.659	17.961	74.779	46.470	199.31	198.24	10.143	18.596	0.036786	vapor
298.15	6.3000	5.0352	0.19860	16.490	17.741	73.974	48.226	240.90	195.01	9.9708	18.981	0.039955	vapor
298.15	6.4000	5.3737	0.18609	16.280	17.471	73.003	50.775	316.89	190.90	9.7314	19.493	0.044820	vapor
298.15	6.4342	5.5154	0.18131	16.192	17.359	72.606	52.013	361.42	189.12	9.6220	19.716	0.047280	vapor
298.15	6.4342	16.144	0.061942	11.695	12.093	54.945	47.108	284.63	274.26	2.2565	57.314	0.080798	liquid
298.15	6.5000	16.258	0.061509	11.653	12.053	54.798	46.584	266.59	281.58	2.1623	58.017	0.080748	liquid
298.15	6.6000	16.411	0.060935	11.597	11.999	54.597	45.980	245.97	291.19	2.0426	58.979	0.080827	liquid
298.15	6.7000	16.546	0.060436	11.547	11.952	54.418	45.518	230.49	299.57	1.9426	59.846	0.081013	liquid
298.15	6.8000	16.668	0.059994	11.502	11.910	54.255	45.143	218.30	307.09	1.8566	60.639	0.081260	liquid
298.15	6.9000	16.780	0.059594	11.460	11.871	54.105	44.827	208.37	313.98	1.7812	61.375	0.081543	liquid
298.15	7.0000	16.883	0.059230	11.421	11.835	53.965	44.553	200.08	320.36	1.7140	62.063	0.081847	liquid
298.15	7.1000	16.979	0.058895	11.384	11.802	53.834	44.312	193.01	326.34	1.6535	62.712	0.082163	liquid
298.15	7.2000	17.069	0.058584	11.349	11.771	53.711	44.096	186.89	331.98	1.5985	63.328	0.082486	liquid
298.15	7.3000	17.154	0.058294	11.317	11.742	53.594	43.900	181.53	337.32	1.5481	63.915	0.082812	liquid
298.15	7.4000	17.235	0.058022	11.286	11.715	53.483	43.722	176.78	342.42	1.5017	64.476	0.083139	liquid
298.15	7.5000	17.311	0.057766	11.256	11.689	53.377	43.558	172.52	347.29	1.4586	65.015	0.083465	liquid
298.15	7.6000	17.384	0.057524	11.227	11.665	53.276	43.407	168.69	351.97	1.4186	65.534	0.083789	liquid
298.15	7.7000	17.454	0.057294	11.200	11.641	53.178	43.268	165.21	356.47	1.3811	66.034	0.084110	liquid
298.15	7.8000	17.521	0.057075	11.174	11.619	53.084	43.138	162.03	360.80	1.3459	66.519	0.084428	liquid
298.15	7.9000	17.585	0.056866	11.148	11.598	52.993	43.017	159.11	364.99	1.3127	66.988	0.084742	liquid
298.15	8.0000	17.647	0.056667	11.124	11.577	52.906	42.904	156.41	369.05	1.2814	67.444	0.085052	liquid
298.15	8.1000	17.707	0.056475	11.100	11.557	52.821	42.797	153.92	372.98	1.2517	67.887	0.085358	liquid
298.15	8.2000	17.765	0.056292	11.077	11.538	52.738	42.698	151.60	376.80	1.2236	68.319	0.085661	liquid
298.15	8.3000	17.821	0.056115	11.055	11.520	52.659	42.604	149.43	380.51	1.1968	68.740	0.085959	liquid
298.15	8.4000	17.875	0.055945	11.033	11.503	52.581	42.515	147.40	384.12	1.1713	69.151	0.086253	liquid
298.15	8.5000	17.927	0.055781	11.012	11.486	52.505	42.432	145.50	387.64	1.1469	69.553	0.086544	liquid
298.15	8.6000	17.978	0.055622	10.991	11.469	52.431	42.353	143.71	391.08	1.1236	69.946	0.086831	liquid
298.15	8.7000	18.028	0.055469	10.971	11.453	52.359	42.278	142.02	394.43	1.1013	70.331	0.087113	liquid
298.15	8.8000	18.077	0.055320	10.951	11.438	52.289	42.206	140.42	397.71	1.0798	70.708	0.087392	liquid
298.15	8.9000	18.124	0.055176	10.932	11.423	52.221	42.139	138.90	400.91	1.0592	71.077	0.087668	liquid
298.15	9.0000	18.170	0.055036	10.913	11.409	52.153	42.075	137.46	404.05	1.0394	71.440	0.087940	liquid
298.15	9.1000	18.215	0.054900	10.895	11.395	52.088	42.014	136.10	407.12	1.0204	71.797	0.088209	liquid
298.15	9.2000	18.259	0.054768	10.877	11.381	52.023	41.955	134.80	410.13	1.0020	72.147	0.088474	liquid
298.15	9.3000	18.302	0.054640	10.859	11.367	51.960	41.900	133.55	413.08	0.98423	72.491	0.088736	liquid
298.15	9.4000	18.344	0.054515	10.842	11.355	51.899	41.847	132.37	415.97	0.96709	72.830	0.088995	liquid
298.15	9.5000	18.385	0.054393	10.825	11.342	51.838	41.796	131.23	418.82	0.95051	73.164	0.089250	liquid
298.15	9.6000	18.425	0.054274	10.809	11.330	51.778	41.747	130.14	421.61	0.93448	73.492	0.089503	liquid
298.15	9.7000	18.464	0.054158	10.792	11.318	51.720	41.701	129.10	424.35	0.91894	73.816	0.089753	liquid
298.15	9.8000	18.503	0.054045	10.776	11.306	51.663	41.656	128.10	427.05	0.90389	74.135	0.090000	liquid
298.15	9.9000	18.541	0.053934	10.760	11.294	51.606	41.614	127.14	429.70	0.88929	74.450	0.090245	liquid
298.15	10.000	18.578	0.053826	10.745	11.283	51.550	41.573	126.22	432.31	0.87512	74.760	0.090486	liquid
298.15	10.100	18.615	0.053720	10.730	11.272	51.496	41.533	125.32	434.88	0.86135	75.066	0.090725	liquid
298.15	10.200	18.651	0.053617	10.715	11.262	51.442	41.496	124.47	437.41	0.84798	75.369	0.090962	liquid
298.15	10.300	18.686	0.053516	10.700	11.251	51.389	41.459	123.64	439.91	0.83497	75.667	0.091196	liquid
298.15	10.400	18.721	0.053416	10.685	11.241	51.337	41.424	122.84	442.36	0.82232	75.962	0.091428	liquid
298.15	10.500	18.755	0.053319	10.671	11.231	51.285	41.391	122.07	444.78	0.81000	76.254	0.091657	liquid
298.15	10.600	18.789	0.053224	10.657	11.221	51.235	41.358	121.32	447.17	0.79800	76.542	0.091885	liquid
298.15	10.700	18.822	0.053130	10.643	11.212	51.185	41.327	120.60	449.53	0.78631	76.827	0.092110	liquid
298.15	10.800	18.854	0.053038	10.629	11.202	51.136	41.297	119.90	451.85	0.77491	77.109	0.092332	liquid
298.15	10.900	18.886	0.052948	10.616	11.193	51.087	41.268	119.22	454.14	0.76380	77.387	0.092553	liquid
298.15	11.000	18.918	0.052860	10.603	11.184	51.039	41.240	118.56	456.41	0.75295	77.663	0.092772	liquid
298.15	11.100	18.949	0.052773	10.589	11.175	50.992	41.213	117.93	458.64	0.74236	77.936	0.092989	liquid
298.15	11.200	18.980	0.052688	10.576	11.167	50.945	41.187	117.31	460.85	0.73201	78.207	0.093204	liquid
298.15	11.300	19.010	0.052604	10.564	11.158	50.899	41.162	116.71	463.03	0.72191	78.474	0.093417	liquid
298.15	11.400	19.040	0.052521	10.551	11.150	50.853	41.137	116.12	465.18	0.71203	78.739	0.093628	liquid
298.15	11.500	19.069	0.052440	10.538	11.141	50.808	41.114	115.56	467.31	0.70237	79.002	0.093837	liquid
298.15	11.600	19.098	0.052361	10.526	11.133	50.763	41.091	115.01	469.41	0.69293	79.262	0.094044	liquid
298.15	11.700	19.127	0.052282	10.514	11.126	50.719	41.069	114.47	471.49	0.68369	79.520	0.094250	liquid
298.15	11.800	19.155	0.052205	10.502	11.118	50.676	41.048	113.95	473.55	0.67464	79.775	0.094455	liquid
298.15	11.900	19.183	0.052129	10.490	11.110	50.633	41.027	113.44	475.59	0.66578	80.029	0.094657	liquid
298.15	12.000	19.211	0.052054	10.478	11.103	50.590	41.007	112.94	477.60	0.65711	80.280	0.094858	liquid
298.15	12.100	19.238	0.051980	10.466	11.095	50.548	40.988	112.46	479.59	0.64861	80.529	0.095057	liquid
298.15	12.200	19.265	0.051907	10.455	11.088	50.506	40.969	111.99	481.56	0.64029	80.776	0.095255	liquid
298.15	12.300	19.292	0.051836	10.443	11.081	50.465	40.951	111.53	483.51	0.63212	81.021	0.095452	liquid
298.15	12.400	19.318	0.051765	10.432	11.074	50.424	40.933	111.08	485.44	0.62412	81.264	0.095647	liquid
298.15	12.500	19.344	0.051696	10.421	11.067	50.384	40.916	110.64	487.35	0.61627	81.505	0.095840	liquid
298.15	12.600	19.370	0.051627	10.410	11.060	50.344	40.900	110.21	489.25	0.60857	81.745	0.096032	liquid
298.15	12.700	19.395	0.051559	10.399	11.054	50.304	40.884	109.79	491.12	0.60101	81.982	0.096223	liquid
298.15	12.800	19.420	0.051492	10.388	11.047	50.265	40.868	109.38	492.98	0.59360	82.218	0.096412	liquid
298.15	12.900	19.445	0.051426	10.377	11.041	50.226	40.853	108.98	494.82	0.58632	82.453	0.096600	liquid
298.15	13.000	19.470	0.051361	10.367	11.034	50.188	40.838	108.59	496.64	0.57917	82.685	0.096787	liquid
298.15	13.100	19.494	0.051297	10.356	11.028	50.149	40.824	108.21	498.45	0.57214	82.916	0.096972	liquid
298.15	13.200	19.518	0.051234	10.346	11.022	50.112	40.810	107.84	500.24	0.56524	83.145	0.097157	liquid
298.15	13.300	19.542	0.051171	10.335	11.016	50.074	40.797	107.47	502.01	0.55846	83.373	0.097340	liquid
298.15	13.400	19.566	0.051109	10.325	11.010	50.037	40.784	107.11	503.77	0.55180	83.599	0.097522	liquid
298.15	13.500	19.589	0.051048	10.315	11.004	50.000	40.771	106.76	505.51	0.54525	83.824	0.097702	liquid
298.15	13.600	19.612	0.050988	10.305	10.998	49.964	40.758	106.42	507.24	0.53881	84.048	0.097882	liquid
298.15	13.700	19.635	0.050928	10.295	10.993	49.928	40.746	106.08	508.95	0.53247	84.269	0.098060	liquid
298.15	13.800	19.658	0.050870	10.285	10.987	49.892	40.735	105.75	510.65	0.52624	84.490	0.098238	liquid
298.15	13.900	19.681	0.050811	10.275	10.982	49.856	40.723	105.42	512.34	0.52011	84.709	0.098414	liquid
298.15	14.000	19.703	0.050754	10.266	10.976	49.821	40.712	105.10	514.01	0.51408	84.927	0.098589	liquid
298.15	14.100	19.725	0.050697	10.256	10.971	49.786	40.702	104.79	515.67	0.50815	85.144	0.098763	liquid
298.15	14.200	19.747	0.050641	10.246	10.965	49.751	40.691	104.49	517.32	0.50230	85.359	0.098936	liquid
298.15	14.300	19.769	0.050585	10.237	10.960	49.717	40.681	104.19	518.95	0.49655	85.573	0.099108	liquid
298.15	14.400	19.790	0.050530	10.227	10.955	49.683	40.671	103.89	520.57	0.49089	85.786	0.099279	liquid
298.15	14.500	19.811	0.050476	10.218	10.950	49.649	40.662	103.60	522.18	0.48531	85.998	0.099449	liquid
298.15	14.600	19.833	0.050422	10.209	10.945	49.615	40.652	103.32	523.77	0.47981	86.208	0.099619	liquid
298.15	14.700	19.854	0.050369	10.200	10.940	49.582	40.643	103.04	525.36	0.47440	86.417	0.099787	liquid
298.15	14.800	19.874	0.050316	10.191	10.935	49.548	40.634	102.76	526.93	0.46907	86.626	0.099954	liquid
298.15	14.900	19.895	0.050264	10.182	10.930	49.515	40.626	102.50	528.49	0.46381	86.833	0.10012	liquid
298.15	15.000	19.915	0.050212	10.173	10.926	49.483	40.617	102.23	530.04	0.45863	87.039	0.10029	liquid
298.15	15.100	19.936	0.050161	10.164	10.921	49.450	40.609	101.97	531.58	0.45353	87.244	0.10045	liquid
298.15	15.200	19.956	0.050111	10.155	10.916	49.418	40.601	101.71	533.11	0.44849	87.448	0.10061	liquid
298.15	15.300	19.976	0.050061	10.146	10.912	49.386	40.594	101.46	534.63	0.44353	87.650	0.10078	liquid
298.15	15.400	19.996	0.050011	10.137	10.907	49.354	40.586	101.21	536.13	0.43864	87.852	0.10094	liquid
298.15	15.500	20.015	0.049962	10.129	10.903	49.323	40.579	100.97	537.63	0.43381	88.053	0.10110	liquid
298.15	15.600	20.035	0.049914	10.120	10.899	49.291	40.572	100.73	539.12	0.42905	88.253	0.10126	liquid
298.15	15.700	20.054	0.049865	10.112	10.894	49.260	40.565	100.50	540.60	0.42435	88.452	0.10142	liquid
298.15	15.800	20.073	0.049818	10.103	10.890	49.229	40.558	100.26	542.06	0.41972	88.650	0.10158	liquid
298.15	15.900	20.092	0.049771	10.095	10.886	49.199	40.551	100.03	543.52	0.41514	88.847	0.10174	liquid
298.15	16.000	20.111	0.049724	10.086	10.882	49.168	40.545	99.809	544.97	0.41063	89.043	0.10189	liquid
298.15	16.100	20.130	0.049677	10.078	10.878	49.138	40.539	99.588	546.41	0.40617	89.239	0.10205	liquid
298.15	16.200	20.149	0.049631	10.070	10.874	49.108	40.533	99.369	547.84	0.40178	89.433	0.10221	liquid
298.15	16.300	20.167	0.049586	10.062	10.870	49.078	40.527	99.154	549.26	0.39744	89.627	0.10236	liquid
298.15	16.400	20.185	0.049541	10.053	10.866	49.048	40.521	98.943	550.68	0.39315	89.819	0.10252	liquid
298.15	16.500	20.204	0.049496	10.045	10.862	49.018	40.515	98.734	552.08	0.38892	90.011	0.10267	liquid
298.15	16.600	20.222	0.049452	10.037	10.858	48.989	40.510	98.528	553.48	0.38474	90.202	0.10282	liquid
298.15	16.700	20.240	0.049408	10.029	10.854	48.960	40.505	98.326	554.86	0.38061	90.392	0.10297	liquid
298.15	16.800	20.258	0.049364	10.021	10.851	48.931	40.499	98.126	556.24	0.37653	90.582	0.10313	liquid
298.15	16.900	20.275	0.049321	10.014	10.847	48.902	40.494	97.929	557.61	0.37250	90.770	0.10328	liquid
298.15	17.000	20.293	0.049278	10.006	10.843	48.873	40.489	97.735	558.98	0.36853	90.958	0.10343	liquid
298.15	17.100	20.310	0.049236	9.9979	10.840	48.845	40.485	97.544	560.33	0.36459	91.145	0.10358	liquid
298.15	17.200	20.328	0.049194	9.9902	10.836	48.816	40.480	97.355	561.68	0.36071	91.332	0.10373	liquid
298.15	17.300	20.345	0.049152	9.9825	10.833	48.788	40.476	97.169	563.02	0.35687	91.517	0.10387	liquid
298.15	17.400	20.362	0.049111	9.9749	10.829	48.760	40.471	96.985	564.35	0.35307	91.702	0.10402	liquid
298.15	17.500	20.379	0.049070	9.9673	10.826	48.732	40.467	96.804	565.68	0.34932	91.886	0.10417	liquid
298.15	17.600	20.396	0.049029	9.9597	10.823	48.704	40.463	96.625	567.00	0.34561	92.070	0.10432	liquid
298.15	17.700	20.413	0.048988	9.9522	10.819	48.677	40.459	96.448	568.31	0.34195	92.253	0.10446	liquid
298.15	17.800	20.430	0.048948	9.9448	10.816	48.649	40.455	96.274	569.61	0.33832	92.435	0.10461	liquid
298.15	17.900	20.446	0.048909	9.9373	10.813	48.622	40.451	96.102	570.91	0.33474	92.616	0.10475	liquid
298.15	18.000	20.463	0.048869	9.9300	10.810	48.595	40.447	95.933	572.20	0.33120	92.797	0.10489	liquid
298.15	18.100	20.479	0.048830	9.9226	10.806	48.568	40.443	95.765	573.48	0.32769	92.977	0.10504	liquid
298.15	18.200	20.496	0.048791	9.9153	10.803	48.541	40.440	95.600	574.76	0.32423	93.156	0.10518	liquid
298.15	18.300	20.512	0.048753	9.9081	10.800	48.515	40.436	95.436	576.03	0.32080	93.335	0.10532	liquid
298.15	18.400	20.528	0.048714	9.9009	10.797	48.488	40.433	95.275	577.29	0.31740	93.513	0.10546	liquid
298.15	18.500	20.544	0.048676	9.8937	10.794	48.462	40.430	95.116	578.55	0.31405	93.691	0.10561	liquid
298.15	18.600	20.560	0.048639	9.8866	10.791	48.435	40.427	94.958	579.80	0.31073	93.868	0.10575	liquid
298.15	18.700	20.576	0.048601	9.8795	10.788	48.409	40.424	94.803	581.05	0.30745	94.044	0.10589	liquid
298.15	18.800	20.591	0.048564	9.8724	10.785	48.383	40.421	94.649	582.28	0.30420	94.220	0.10603	liquid
298.15	18.900	20.607	0.048527	9.8654	10.783	48.357	40.418	94.498	583.52	0.30098	94.395	0.10617	liquid
298.15	19.000	20.623	0.048491	9.8584	10.780	48.332	40.415	94.348	584.74	0.29780	94.570	0.10630	liquid
298.15	19.100	20.638	0.048454	9.8514	10.777	48.306	40.412	94.199	585.96	0.29465	94.744	0.10644	liquid
298.15	19.200	20.653	0.048418	9.8445	10.774	48.280	40.409	94.053	587.18	0.29153	94.917	0.10658	liquid
298.15	19.300	20.669	0.048382	9.8377	10.771	48.255	40.407	93.908	588.39	0.28844	95.090	0.10672	liquid
298.15	19.400	20.684	0.048347	9.8308	10.769	48.230	40.404	93.765	589.59	0.28539	95.262	0.10685	liquid
298.15	19.500	20.699	0.048311	9.8240	10.766	48.205	40.402	93.624	590.79	0.28236	95.434	0.10699	liquid
298.15	19.600	20.714	0.048276	9.8172	10.763	48.180	40.400	93.484	591.98	0.27937	95.605	0.10712	liquid
298.15	19.700	20.729	0.048241	9.8105	10.761	48.155	40.397	93.346	593.17	0.27640	95.776	0.10726	liquid
298.15	19.800	20.744	0.048207	9.8038	10.758	48.130	40.395	93.209	594.35	0.27347	95.946	0.10739	liquid
298.15	19.900	20.759	0.048172	9.7971	10.756	48.105	40.393	93.074	595.53	0.27056	96.116	0.10753	liquid
298.15	20.000	20.773	0.048138	9.7905	10.753	48.081	40.391	92.940	596.70	0.26768	96.285	0.10766	liquid
